
--- TABLA 1: PARÁMETROS DE LA INSTANCIA ---
Instalaciones (Facilities)
ID  | Coste Fijo (fj) | Capacidad (sj)
----+-----------------+---------------
0   | 320,00          | 30,00         
1   | 770,00          | 60,00         
2   | 530,00          | 50,00         
3   | 310,00          | 30,00         
4   | 900,00          | 80,00         
5   | 800,00          | 80,00         
6   | 380,00          | 40,00         
7   | 370,00          | 30,00         
8   | 280,00          | 40,00         
9   | 380,00          | 30,00         
10  | 750,00          | 70,00         
11  | 870,00          | 100,00        
12  | 350,00          | 40,00         
13  | 720,00          | 60,00         
14  | 280,00          | 40,00         
15  | 780,00          | 70,00         
16  | 370,00          | 50,00         
17  | 380,00          | 30,00         
18  | 320,00          | 40,00         
19  | 1150,00         | 90,00         
20  | 1040,00         | 100,00        
21  | 720,00          | 70,00         
22  | 580,00          | 60,00         
23  | 570,00          | 80,00         
24  | 470,00          | 40,00         
25  | 830,00          | 70,00         
26  | 500,00          | 70,00         
27  | 1100,00         | 90,00         
28  | 380,00          | 30,00         
29  | 370,00          | 40,00         
30  | 1270,00         | 100,00        
31  | 440,00          | 60,00         
32  | 710,00          | 70,00         
33  | 660,00          | 90,00         
34  | 870,00          | 100,00        
35  | 610,00          | 70,00         
36  | 340,00          | 30,00         
37  | 490,00          | 60,00         
38  | 830,00          | 70,00         
39  | 270,00          | 30,00         
40  | 720,00          | 60,00         
41  | 720,00          | 60,00         
42  | 680,00          | 90,00         
43  | 360,00          | 30,00         
44  | 400,00          | 40,00         
45  | 850,00          | 80,00         
46  | 840,00          | 90,00         
47  | 820,00          | 90,00         
48  | 310,00          | 40,00         
49  | 430,00          | 60,00         
50  | 390,00          | 30,00         
51  | 450,00          | 40,00         
52  | 480,00          | 50,00         
53  | 770,00          | 70,00         
54  | 250,00          | 30,00         
55  | 360,00          | 50,00         
56  | 700,00          | 100,00        
57  | 470,00          | 60,00         
58  | 370,00          | 30,00         
59  | 540,00          | 70,00         
60  | 250,00          | 30,00         
61  | 430,00          | 40,00         
62  | 450,00          | 40,00         
63  | 670,00          | 90,00         
64  | 420,00          | 50,00         
65  | 920,00          | 90,00         
66  | 880,00          | 100,00        
67  | 730,00          | 80,00         
68  | 920,00          | 100,00        
69  | 510,00          | 60,00         
70  | 1050,00         | 90,00         
71  | 630,00          | 70,00         
72  | 1120,00         | 90,00         
73  | 680,00          | 80,00         
74  | 730,00          | 80,00         
75  | 360,00          | 30,00         
76  | 670,00          | 80,00         
77  | 830,00          | 100,00        
78  | 680,00          | 60,00         
79  | 490,00          | 70,00         
80  | 360,00          | 30,00         
81  | 810,00          | 100,00        
82  | 970,00          | 80,00         
83  | 600,00          | 70,00         
84  | 1190,00         | 100,00        
85  | 430,00          | 60,00         
86  | 910,00          | 90,00         
87  | 580,00          | 80,00         
88  | 490,00          | 50,00         
89  | 260,00          | 30,00         
90  | 900,00          | 100,00        
91  | 590,00          | 70,00         
92  | 810,00          | 70,00         
93  | 380,00          | 30,00         
94  | 450,00          | 40,00         
95  | 530,00          | 70,00         
96  | 1000,00         | 80,00         
97  | 960,00          | 100,00        
98  | 640,00          | 50,00         
99  | 890,00          | 80,00         
100 | 660,00          | 70,00         
101 | 1100,00         | 100,00        
102 | 280,00          | 30,00         
103 | 680,00          | 80,00         
104 | 570,00          | 50,00         
105 | 690,00          | 70,00         
106 | 700,00          | 60,00         
107 | 400,00          | 50,00         
108 | 970,00          | 90,00         
109 | 520,00          | 70,00         
110 | 320,00          | 30,00         
111 | 950,00          | 80,00         
112 | 550,00          | 70,00         
113 | 900,00          | 90,00         
114 | 570,00          | 70,00         
115 | 770,00          | 100,00        
116 | 490,00          | 70,00         
117 | 440,00          | 50,00         
118 | 350,00          | 50,00         
119 | 520,00          | 70,00         
120 | 1150,00         | 90,00         
121 | 440,00          | 40,00         
122 | 1120,00         | 90,00         
123 | 350,00          | 30,00         
124 | 620,00          | 70,00         
125 | 450,00          | 50,00         
126 | 480,00          | 40,00         
127 | 1030,00         | 80,00         
128 | 920,00          | 90,00         
129 | 340,00          | 30,00         
130 | 890,00          | 80,00         
131 | 590,00          | 80,00         
132 | 500,00          | 70,00         
133 | 420,00          | 60,00         
134 | 380,00          | 30,00         
135 | 300,00          | 40,00         
136 | 610,00          | 80,00         
137 | 330,00          | 30,00         
138 | 1150,00         | 100,00        
139 | 610,00          | 70,00         
140 | 490,00          | 40,00         
141 | 1150,00         | 90,00         
142 | 530,00          | 60,00         
143 | 860,00          | 100,00        
144 | 1150,00         | 90,00         
145 | 530,00          | 50,00         
146 | 410,00          | 40,00         
147 | 510,00          | 70,00         
148 | 740,00          | 90,00         
149 | 340,00          | 30,00         
150 | 880,00          | 100,00        
151 | 840,00          | 80,00         
152 | 1100,00         | 100,00        
153 | 650,00          | 70,00         
154 | 780,00          | 70,00         
155 | 210,00          | 30,00         
156 | 660,00          | 90,00         
157 | 420,00          | 40,00         
158 | 610,00          | 80,00         
159 | 420,00          | 60,00         
160 | 680,00          | 80,00         
161 | 650,00          | 60,00         
162 | 1010,00         | 80,00         
163 | 350,00          | 40,00         
164 | 910,00          | 70,00         
165 | 1070,00         | 90,00         
166 | 230,00          | 30,00         
167 | 790,00          | 100,00        
168 | 1070,00         | 100,00        
169 | 770,00          | 70,00         
170 | 510,00          | 40,00         
171 | 590,00          | 60,00         
172 | 620,00          | 80,00         
173 | 770,00          | 60,00         
174 | 950,00          | 90,00         
175 | 590,00          | 60,00         
176 | 710,00          | 70,00         
177 | 370,00          | 50,00         
178 | 240,00          | 30,00         
179 | 800,00          | 90,00         
180 | 360,00          | 40,00         
181 | 460,00          | 50,00         
182 | 800,00          | 80,00         
183 | 310,00          | 30,00         
184 | 730,00          | 90,00         
185 | 820,00          | 100,00        
186 | 410,00          | 50,00         
187 | 420,00          | 50,00         
188 | 390,00          | 50,00         
189 | 870,00          | 100,00        
190 | 450,00          | 50,00         
191 | 450,00          | 60,00         
192 | 1110,00         | 100,00        
193 | 810,00          | 100,00        
194 | 640,00          | 90,00         
195 | 1110,00         | 100,00        
196 | 890,00          | 70,00         
197 | 230,00          | 30,00         
198 | 970,00          | 90,00         
199 | 730,00          | 80,00         
200 | 1060,00         | 90,00         
201 | 1000,00         | 90,00         
202 | 940,00          | 100,00        
203 | 930,00          | 80,00         
204 | 460,00          | 60,00         
205 | 950,00          | 80,00         
206 | 530,00          | 50,00         
207 | 790,00          | 90,00         
208 | 940,00          | 100,00        
209 | 990,00          | 90,00         
210 | 750,00          | 80,00         
211 | 760,00          | 80,00         
212 | 1070,00         | 100,00        
213 | 240,00          | 30,00         
214 | 320,00          | 30,00         
215 | 570,00          | 60,00         
216 | 350,00          | 50,00         
217 | 360,00          | 40,00         
218 | 960,00          | 90,00         
219 | 600,00          | 60,00         
220 | 730,00          | 60,00         
221 | 620,00          | 70,00         
222 | 610,00          | 60,00         
223 | 710,00          | 100,00        
224 | 1160,00         | 100,00        
225 | 240,00          | 30,00         
226 | 490,00          | 70,00         
227 | 720,00          | 90,00         
228 | 640,00          | 60,00         
229 | 430,00          | 50,00         
230 | 550,00          | 60,00         
231 | 320,00          | 40,00         
232 | 840,00          | 100,00        
233 | 930,00          | 90,00         
234 | 840,00          | 70,00         
235 | 390,00          | 40,00         
236 | 810,00          | 80,00         
237 | 770,00          | 90,00         
238 | 490,00          | 50,00         
239 | 650,00          | 70,00         
240 | 520,00          | 50,00         
241 | 430,00          | 60,00         
242 | 840,00          | 100,00        
243 | 340,00          | 30,00         
244 | 660,00          | 80,00         
245 | 390,00          | 50,00         
246 | 730,00          | 60,00         
247 | 350,00          | 40,00         
248 | 1120,00         | 90,00         
249 | 270,00          | 30,00         
250 | 450,00          | 50,00         
251 | 580,00          | 80,00         
252 | 700,00          | 70,00         
253 | 280,00          | 30,00         
254 | 910,00          | 100,00        
255 | 690,00          | 70,00         
256 | 660,00          | 60,00         
257 | 450,00          | 60,00         
258 | 870,00          | 70,00         
259 | 720,00          | 60,00         
260 | 290,00          | 40,00         
261 | 360,00          | 50,00         
262 | 510,00          | 70,00         
263 | 650,00          | 50,00         
264 | 1110,00         | 100,00        
265 | 1060,00         | 90,00         
266 | 670,00          | 80,00         
267 | 800,00          | 70,00         
268 | 220,00          | 30,00         
269 | 220,00          | 30,00         
270 | 1050,00         | 100,00        
271 | 810,00          | 70,00         
272 | 780,00          | 80,00         
273 | 900,00          | 80,00         
274 | 1040,00         | 80,00         
275 | 320,00          | 40,00         
276 | 530,00          | 60,00         
277 | 410,00          | 40,00         
278 | 750,00          | 100,00        
279 | 1000,00         | 100,00        
280 | 500,00          | 50,00         
281 | 570,00          | 50,00         
282 | 820,00          | 70,00         
283 | 500,00          | 40,00         
284 | 570,00          | 60,00         
285 | 240,00          | 30,00         
286 | 500,00          | 40,00         
287 | 460,00          | 50,00         
288 | 970,00          | 90,00         
289 | 350,00          | 30,00         
290 | 890,00          | 80,00         
291 | 760,00          | 60,00         
292 | 780,00          | 100,00        
293 | 220,00          | 30,00         
294 | 750,00          | 70,00         
295 | 470,00          | 60,00         
296 | 210,00          | 30,00         
297 | 380,00          | 50,00         
298 | 830,00          | 80,00         
299 | 610,00          | 70,00         
300 | 730,00          | 100,00        
301 | 500,00          | 50,00         
302 | 660,00          | 80,00         
303 | 560,00          | 50,00         
304 | 830,00          | 100,00        
305 | 550,00          | 50,00         
306 | 540,00          | 60,00         
307 | 470,00          | 40,00         
308 | 440,00          | 40,00         
309 | 1250,00         | 100,00        
310 | 290,00          | 40,00         
311 | 580,00          | 50,00         
312 | 480,00          | 60,00         
313 | 740,00          | 80,00         
314 | 510,00          | 70,00         
315 | 720,00          | 60,00         
316 | 580,00          | 50,00         
317 | 830,00          | 80,00         
318 | 830,00          | 70,00         
319 | 940,00          | 80,00         
320 | 530,00          | 60,00         
321 | 600,00          | 60,00         
322 | 720,00          | 100,00        
323 | 770,00          | 70,00         
324 | 380,00          | 40,00         
325 | 1100,00         | 100,00        
326 | 270,00          | 30,00         
327 | 290,00          | 30,00         
328 | 790,00          | 70,00         
329 | 740,00          | 70,00         
330 | 420,00          | 40,00         
331 | 540,00          | 60,00         
332 | 520,00          | 70,00         
333 | 740,00          | 90,00         
334 | 240,00          | 30,00         
335 | 670,00          | 80,00         
336 | 320,00          | 30,00         
337 | 480,00          | 50,00         
338 | 500,00          | 60,00         
339 | 560,00          | 70,00         
340 | 490,00          | 50,00         
341 | 340,00          | 30,00         
342 | 340,00          | 40,00         
343 | 580,00          | 60,00         
344 | 360,00          | 50,00         
345 | 740,00          | 100,00        
346 | 670,00          | 70,00         
347 | 710,00          | 80,00         
348 | 1150,00         | 90,00         
349 | 910,00          | 90,00         
350 | 440,00          | 40,00         
351 | 240,00          | 30,00         
352 | 580,00          | 80,00         
353 | 900,00          | 70,00         
354 | 1000,00         | 80,00         
355 | 640,00          | 70,00         
356 | 600,00          | 60,00         
357 | 930,00          | 90,00         
358 | 360,00          | 40,00         
359 | 340,00          | 40,00         
360 | 400,00          | 50,00         
361 | 1030,00         | 100,00        
362 | 420,00          | 40,00         
363 | 320,00          | 30,00         
364 | 1010,00         | 80,00         
365 | 710,00          | 90,00         
366 | 620,00          | 50,00         
367 | 570,00          | 80,00         
368 | 890,00          | 90,00         
369 | 570,00          | 80,00         
370 | 470,00          | 40,00         
371 | 890,00          | 80,00         
372 | 450,00          | 60,00         
373 | 640,00          | 70,00         
374 | 1050,00         | 90,00         
375 | 1120,00         | 90,00         
376 | 510,00          | 70,00         
377 | 300,00          | 30,00         
378 | 430,00          | 40,00         
379 | 860,00          | 70,00         
380 | 730,00          | 70,00         
381 | 920,00          | 80,00         
382 | 880,00          | 70,00         
383 | 310,00          | 40,00         
384 | 310,00          | 30,00         
385 | 690,00          | 60,00         
386 | 870,00          | 100,00        
387 | 840,00          | 70,00         
388 | 480,00          | 40,00         
389 | 500,00          | 60,00         
390 | 480,00          | 50,00         
391 | 480,00          | 50,00         
392 | 340,00          | 30,00         
393 | 330,00          | 30,00         
394 | 290,00          | 40,00         
395 | 650,00          | 70,00         
396 | 470,00          | 60,00         
397 | 430,00          | 40,00         
398 | 740,00          | 70,00         
399 | 490,00          | 60,00         
400 | 1000,00         | 100,00        
401 | 230,00          | 30,00         
402 | 450,00          | 40,00         
403 | 240,00          | 30,00         
404 | 360,00          | 40,00         
405 | 220,00          | 30,00         
406 | 390,00          | 50,00         
407 | 630,00          | 70,00         
408 | 490,00          | 60,00         
409 | 630,00          | 80,00         
410 | 780,00          | 70,00         
411 | 810,00          | 100,00        
412 | 230,00          | 30,00         
413 | 390,00          | 40,00         
414 | 890,00          | 70,00         
415 | 620,00          | 60,00         
416 | 870,00          | 100,00        
417 | 860,00          | 90,00         
418 | 1050,00         | 90,00         
419 | 510,00          | 50,00         
420 | 770,00          | 90,00         
421 | 890,00          | 80,00         
422 | 310,00          | 30,00         
423 | 390,00          | 30,00         
424 | 400,00          | 50,00         
425 | 370,00          | 50,00         
426 | 280,00          | 30,00         
427 | 590,00          | 80,00         
428 | 650,00          | 50,00         
429 | 440,00          | 60,00         
430 | 460,00          | 50,00         
431 | 660,00          | 70,00         
432 | 630,00          | 50,00         
433 | 730,00          | 70,00         
434 | 580,00          | 70,00         
435 | 510,00          | 50,00         
436 | 810,00          | 80,00         
437 | 1010,00         | 100,00        
438 | 810,00          | 70,00         
439 | 860,00          | 80,00         
440 | 680,00          | 90,00         
441 | 880,00          | 70,00         
442 | 310,00          | 40,00         
443 | 1120,00         | 90,00         
444 | 730,00          | 100,00        
445 | 730,00          | 60,00         
446 | 550,00          | 70,00         
447 | 380,00          | 40,00         
448 | 970,00          | 90,00         
449 | 840,00          | 90,00         
450 | 1060,00         | 90,00         
451 | 430,00          | 50,00         
452 | 680,00          | 80,00         
453 | 330,00          | 30,00         
454 | 710,00          | 60,00         
455 | 500,00          | 60,00         
456 | 290,00          | 40,00         
457 | 710,00          | 70,00         
458 | 520,00          | 70,00         
459 | 1030,00         | 100,00        
460 | 640,00          | 60,00         
461 | 690,00          | 70,00         
462 | 710,00          | 100,00        
463 | 1020,00         | 80,00         
464 | 340,00          | 30,00         
465 | 590,00          | 70,00         
466 | 720,00          | 60,00         
467 | 910,00          | 100,00        
468 | 560,00          | 80,00         
469 | 470,00          | 60,00         
470 | 590,00          | 60,00         
471 | 390,00          | 40,00         
472 | 950,00          | 80,00         
473 | 980,00          | 100,00        
474 | 550,00          | 50,00         
475 | 530,00          | 70,00         
476 | 420,00          | 50,00         
477 | 640,00          | 50,00         
478 | 650,00          | 80,00         
479 | 490,00          | 70,00         
480 | 500,00          | 50,00         
481 | 610,00          | 70,00         
482 | 420,00          | 60,00         
483 | 590,00          | 70,00         
484 | 600,00          | 80,00         
485 | 810,00          | 100,00        
486 | 720,00          | 100,00        
487 | 1010,00         | 100,00        
488 | 310,00          | 40,00         
489 | 1110,00         | 90,00         
490 | 370,00          | 40,00         
491 | 570,00          | 70,00         
492 | 1210,00         | 100,00        
493 | 560,00          | 80,00         
494 | 380,00          | 40,00         
495 | 510,00          | 60,00         
496 | 430,00          | 50,00         
497 | 240,00          | 30,00         
498 | 770,00          | 70,00         
499 | 360,00          | 40,00         

Clientes (Customers)
ID   | Demanda (di) | Incompatibilidad
-----+--------------+-----------------
0    | 15,00        | -               
1    | 20,00        | -               
2    | 11,00        | -               
3    | 13,00        | -               
4    | 7,00         | -               
5    | 9,00         | -               
6    | 12,00        | -               
7    | 20,00        | -               
8    | 16,00        | -               
9    | 7,00         | -               
10   | 14,00        | -               
11   | 9,00         | -               
12   | 13,00        | -               
13   | 7,00         | -               
14   | 7,00         | -               
15   | 20,00        | -               
16   | 14,00        | -               
17   | 15,00        | -               
18   | 15,00        | -               
19   | 12,00        | -               
20   | 16,00        | -               
21   | 16,00        | -               
22   | 18,00        | -               
23   | 17,00        | -               
24   | 8,00         | -               
25   | 6,00         | -               
26   | 9,00         | -               
27   | 6,00         | -               
28   | 14,00        | -               
29   | 18,00        | -               
30   | 19,00        | -               
31   | 11,00        | -               
32   | 5,00         | -               
33   | 14,00        | -               
34   | 12,00        | -               
35   | 19,00        | -               
36   | 14,00        | -               
37   | 19,00        | -               
38   | 19,00        | -               
39   | 15,00        | -               
40   | 13,00        | -               
41   | 9,00         | -               
42   | 10,00        | -               
43   | 15,00        | -               
44   | 12,00        | -               
45   | 6,00         | -               
46   | 6,00         | -               
47   | 8,00         | -               
48   | 8,00         | -               
49   | 7,00         | -               
50   | 8,00         | -               
51   | 7,00         | -               
52   | 12,00        | -               
53   | 11,00        | -               
54   | 18,00        | -               
55   | 10,00        | -               
56   | 15,00        | -               
57   | 7,00         | -               
58   | 15,00        | -               
59   | 7,00         | -               
60   | 9,00         | -               
61   | 7,00         | -               
62   | 20,00        | -               
63   | 14,00        | -               
64   | 17,00        | -               
65   | 20,00        | -               
66   | 16,00        | -               
67   | 20,00        | -               
68   | 11,00        | -               
69   | 9,00         | -               
70   | 8,00         | -               
71   | 10,00        | -               
72   | 9,00         | -               
73   | 19,00        | -               
74   | 19,00        | -               
75   | 15,00        | -               
76   | 12,00        | -               
77   | 16,00        | -               
78   | 12,00        | -               
79   | 7,00         | -               
80   | 16,00        | -               
81   | 17,00        | -               
82   | 19,00        | -               
83   | 15,00        | -               
84   | 11,00        | -               
85   | 18,00        | -               
86   | 9,00         | -               
87   | 20,00        | -               
88   | 15,00        | -               
89   | 18,00        | -               
90   | 15,00        | -               
91   | 14,00        | -               
92   | 17,00        | -               
93   | 16,00        | -               
94   | 18,00        | -               
95   | 8,00         | -               
96   | 10,00        | -               
97   | 7,00         | -               
98   | 15,00        | -               
99   | 20,00        | -               
100  | 16,00        | -               
101  | 9,00         | -               
102  | 14,00        | -               
103  | 6,00         | -               
104  | 5,00         | -               
105  | 13,00        | -               
106  | 11,00        | -               
107  | 8,00         | -               
108  | 17,00        | -               
109  | 17,00        | -               
110  | 15,00        | -               
111  | 18,00        | -               
112  | 7,00         | -               
113  | 17,00        | -               
114  | 10,00        | -               
115  | 10,00        | -               
116  | 20,00        | -               
117  | 12,00        | -               
118  | 6,00         | -               
119  | 14,00        | -               
120  | 19,00        | -               
121  | 14,00        | -               
122  | 11,00        | -               
123  | 17,00        | -               
124  | 18,00        | -               
125  | 6,00         | -               
126  | 7,00         | -               
127  | 10,00        | -               
128  | 5,00         | -               
129  | 5,00         | -               
130  | 18,00        | -               
131  | 14,00        | -               
132  | 7,00         | -               
133  | 7,00         | -               
134  | 7,00         | -               
135  | 16,00        | -               
136  | 12,00        | -               
137  | 20,00        | -               
138  | 13,00        | -               
139  | 13,00        | -               
140  | 14,00        | -               
141  | 11,00        | -               
142  | 7,00         | -               
143  | 5,00         | -               
144  | 6,00         | -               
145  | 11,00        | -               
146  | 15,00        | -               
147  | 13,00        | -               
148  | 5,00         | -               
149  | 20,00        | -               
150  | 19,00        | -               
151  | 8,00         | -               
152  | 17,00        | -               
153  | 13,00        | -               
154  | 6,00         | -               
155  | 5,00         | -               
156  | 15,00        | -               
157  | 11,00        | -               
158  | 12,00        | -               
159  | 11,00        | -               
160  | 7,00         | -               
161  | 7,00         | -               
162  | 20,00        | -               
163  | 19,00        | -               
164  | 5,00         | -               
165  | 12,00        | -               
166  | 20,00        | -               
167  | 8,00         | -               
168  | 11,00        | -               
169  | 7,00         | -               
170  | 16,00        | -               
171  | 5,00         | -               
172  | 16,00        | -               
173  | 19,00        | -               
174  | 11,00        | -               
175  | 16,00        | -               
176  | 6,00         | -               
177  | 6,00         | -               
178  | 15,00        | -               
179  | 10,00        | -               
180  | 16,00        | -               
181  | 12,00        | -               
182  | 13,00        | -               
183  | 14,00        | -               
184  | 16,00        | -               
185  | 5,00         | -               
186  | 8,00         | -               
187  | 12,00        | -               
188  | 14,00        | -               
189  | 15,00        | -               
190  | 5,00         | -               
191  | 6,00         | -               
192  | 8,00         | -               
193  | 17,00        | -               
194  | 8,00         | -               
195  | 11,00        | -               
196  | 20,00        | -               
197  | 16,00        | -               
198  | 13,00        | -               
199  | 20,00        | -               
200  | 9,00         | -               
201  | 7,00         | -               
202  | 16,00        | -               
203  | 13,00        | -               
204  | 16,00        | -               
205  | 6,00         | -               
206  | 19,00        | -               
207  | 5,00         | -               
208  | 5,00         | -               
209  | 17,00        | -               
210  | 9,00         | -               
211  | 13,00        | -               
212  | 18,00        | -               
213  | 19,00        | -               
214  | 10,00        | -               
215  | 9,00         | -               
216  | 17,00        | -               
217  | 14,00        | -               
218  | 8,00         | -               
219  | 19,00        | -               
220  | 12,00        | -               
221  | 8,00         | -               
222  | 16,00        | -               
223  | 18,00        | -               
224  | 18,00        | -               
225  | 10,00        | -               
226  | 13,00        | -               
227  | 15,00        | -               
228  | 9,00         | -               
229  | 10,00        | -               
230  | 16,00        | -               
231  | 15,00        | -               
232  | 19,00        | -               
233  | 14,00        | -               
234  | 11,00        | -               
235  | 16,00        | -               
236  | 14,00        | -               
237  | 7,00         | -               
238  | 7,00         | -               
239  | 10,00        | -               
240  | 7,00         | -               
241  | 7,00         | -               
242  | 5,00         | -               
243  | 14,00        | -               
244  | 9,00         | -               
245  | 16,00        | -               
246  | 12,00        | -               
247  | 5,00         | -               
248  | 15,00        | -               
249  | 6,00         | -               
250  | 7,00         | -               
251  | 14,00        | -               
252  | 15,00        | -               
253  | 11,00        | -               
254  | 17,00        | -               
255  | 6,00         | -               
256  | 6,00         | -               
257  | 14,00        | -               
258  | 6,00         | -               
259  | 12,00        | -               
260  | 11,00        | -               
261  | 15,00        | -               
262  | 20,00        | -               
263  | 10,00        | -               
264  | 15,00        | -               
265  | 17,00        | -               
266  | 10,00        | -               
267  | 9,00         | -               
268  | 7,00         | -               
269  | 20,00        | -               
270  | 8,00         | -               
271  | 15,00        | -               
272  | 15,00        | -               
273  | 9,00         | -               
274  | 11,00        | -               
275  | 8,00         | -               
276  | 17,00        | -               
277  | 15,00        | -               
278  | 20,00        | -               
279  | 18,00        | -               
280  | 12,00        | -               
281  | 18,00        | -               
282  | 20,00        | -               
283  | 14,00        | -               
284  | 9,00         | -               
285  | 6,00         | -               
286  | 9,00         | -               
287  | 20,00        | -               
288  | 19,00        | -               
289  | 16,00        | -               
290  | 10,00        | -               
291  | 19,00        | -               
292  | 8,00         | -               
293  | 13,00        | -               
294  | 11,00        | -               
295  | 11,00        | -               
296  | 14,00        | -               
297  | 8,00         | -               
298  | 14,00        | -               
299  | 9,00         | -               
300  | 6,00         | -               
301  | 15,00        | -               
302  | 20,00        | -               
303  | 10,00        | -               
304  | 13,00        | -               
305  | 8,00         | -               
306  | 11,00        | -               
307  | 8,00         | -               
308  | 7,00         | -               
309  | 13,00        | -               
310  | 7,00         | -               
311  | 12,00        | -               
312  | 14,00        | -               
313  | 9,00         | -               
314  | 10,00        | -               
315  | 17,00        | -               
316  | 18,00        | -               
317  | 13,00        | -               
318  | 20,00        | -               
319  | 9,00         | -               
320  | 12,00        | -               
321  | 7,00         | -               
322  | 8,00         | -               
323  | 12,00        | -               
324  | 5,00         | -               
325  | 6,00         | -               
326  | 13,00        | -               
327  | 8,00         | -               
328  | 11,00        | -               
329  | 13,00        | -               
330  | 20,00        | -               
331  | 8,00         | -               
332  | 7,00         | -               
333  | 18,00        | -               
334  | 8,00         | -               
335  | 5,00         | -               
336  | 8,00         | -               
337  | 14,00        | -               
338  | 11,00        | -               
339  | 8,00         | -               
340  | 6,00         | -               
341  | 19,00        | -               
342  | 11,00        | -               
343  | 11,00        | -               
344  | 5,00         | -               
345  | 16,00        | -               
346  | 14,00        | -               
347  | 20,00        | -               
348  | 10,00        | -               
349  | 8,00         | -               
350  | 13,00        | -               
351  | 18,00        | -               
352  | 10,00        | -               
353  | 6,00         | -               
354  | 14,00        | -               
355  | 5,00         | -               
356  | 18,00        | -               
357  | 9,00         | -               
358  | 7,00         | -               
359  | 17,00        | -               
360  | 12,00        | -               
361  | 13,00        | -               
362  | 9,00         | -               
363  | 13,00        | -               
364  | 19,00        | -               
365  | 6,00         | -               
366  | 16,00        | -               
367  | 8,00         | -               
368  | 9,00         | -               
369  | 7,00         | -               
370  | 8,00         | -               
371  | 12,00        | -               
372  | 8,00         | -               
373  | 15,00        | -               
374  | 8,00         | -               
375  | 5,00         | -               
376  | 11,00        | -               
377  | 7,00         | -               
378  | 14,00        | -               
379  | 12,00        | -               
380  | 7,00         | -               
381  | 5,00         | -               
382  | 6,00         | -               
383  | 9,00         | -               
384  | 14,00        | -               
385  | 7,00         | -               
386  | 5,00         | -               
387  | 14,00        | -               
388  | 11,00        | -               
389  | 15,00        | -               
390  | 19,00        | -               
391  | 15,00        | -               
392  | 19,00        | -               
393  | 8,00         | -               
394  | 19,00        | -               
395  | 20,00        | -               
396  | 17,00        | -               
397  | 8,00         | -               
398  | 17,00        | -               
399  | 7,00         | -               
400  | 10,00        | -               
401  | 11,00        | -               
402  | 13,00        | -               
403  | 20,00        | -               
404  | 10,00        | -               
405  | 16,00        | -               
406  | 15,00        | -               
407  | 16,00        | -               
408  | 14,00        | -               
409  | 11,00        | -               
410  | 15,00        | -               
411  | 15,00        | -               
412  | 16,00        | -               
413  | 6,00         | -               
414  | 16,00        | -               
415  | 19,00        | -               
416  | 10,00        | -               
417  | 10,00        | -               
418  | 12,00        | -               
419  | 12,00        | -               
420  | 11,00        | -               
421  | 5,00         | -               
422  | 9,00         | -               
423  | 5,00         | -               
424  | 9,00         | -               
425  | 5,00         | -               
426  | 11,00        | -               
427  | 9,00         | -               
428  | 14,00        | -               
429  | 19,00        | -               
430  | 20,00        | -               
431  | 7,00         | -               
432  | 8,00         | -               
433  | 7,00         | -               
434  | 9,00         | -               
435  | 18,00        | -               
436  | 12,00        | -               
437  | 7,00         | -               
438  | 9,00         | -               
439  | 11,00        | -               
440  | 10,00        | -               
441  | 19,00        | -               
442  | 14,00        | -               
443  | 10,00        | -               
444  | 20,00        | -               
445  | 20,00        | -               
446  | 6,00         | -               
447  | 19,00        | -               
448  | 12,00        | -               
449  | 6,00         | -               
450  | 19,00        | -               
451  | 19,00        | -               
452  | 19,00        | -               
453  | 15,00        | -               
454  | 8,00         | -               
455  | 18,00        | -               
456  | 18,00        | -               
457  | 19,00        | -               
458  | 19,00        | -               
459  | 6,00         | -               
460  | 14,00        | -               
461  | 11,00        | -               
462  | 11,00        | -               
463  | 10,00        | -               
464  | 11,00        | -               
465  | 10,00        | -               
466  | 15,00        | -               
467  | 12,00        | -               
468  | 15,00        | -               
469  | 6,00         | -               
470  | 17,00        | -               
471  | 6,00         | -               
472  | 6,00         | -               
473  | 9,00         | -               
474  | 5,00         | -               
475  | 8,00         | -               
476  | 19,00        | -               
477  | 17,00        | -               
478  | 15,00        | -               
479  | 5,00         | -               
480  | 15,00        | -               
481  | 17,00        | -               
482  | 11,00        | -               
483  | 20,00        | -               
484  | 8,00         | -               
485  | 5,00         | -               
486  | 13,00        | -               
487  | 18,00        | -               
488  | 10,00        | -               
489  | 19,00        | -               
490  | 9,00         | -               
491  | 7,00         | -               
492  | 11,00        | -               
493  | 6,00         | -               
494  | 18,00        | -               
495  | 17,00        | -               
496  | 10,00        | -               
497  | 13,00        | -               
498  | 15,00        | -               
499  | 9,00         | -               
500  | 12,00        | -               
501  | 7,00         | -               
502  | 14,00        | -               
503  | 7,00         | -               
504  | 12,00        | -               
505  | 7,00         | -               
506  | 8,00         | -               
507  | 17,00        | -               
508  | 13,00        | -               
509  | 19,00        | -               
510  | 19,00        | -               
511  | 14,00        | -               
512  | 5,00         | -               
513  | 8,00         | -               
514  | 12,00        | -               
515  | 12,00        | -               
516  | 13,00        | -               
517  | 17,00        | -               
518  | 13,00        | -               
519  | 9,00         | -               
520  | 15,00        | -               
521  | 20,00        | -               
522  | 14,00        | -               
523  | 19,00        | -               
524  | 7,00         | -               
525  | 6,00         | -               
526  | 14,00        | -               
527  | 16,00        | -               
528  | 15,00        | -               
529  | 7,00         | -               
530  | 5,00         | -               
531  | 10,00        | -               
532  | 15,00        | -               
533  | 14,00        | -               
534  | 16,00        | -               
535  | 9,00         | -               
536  | 20,00        | -               
537  | 20,00        | -               
538  | 7,00         | -               
539  | 18,00        | -               
540  | 9,00         | -               
541  | 6,00         | -               
542  | 20,00        | -               
543  | 19,00        | -               
544  | 10,00        | -               
545  | 15,00        | -               
546  | 11,00        | -               
547  | 11,00        | -               
548  | 10,00        | -               
549  | 19,00        | -               
550  | 16,00        | -               
551  | 16,00        | -               
552  | 16,00        | -               
553  | 14,00        | -               
554  | 7,00         | -               
555  | 17,00        | -               
556  | 19,00        | -               
557  | 16,00        | -               
558  | 12,00        | -               
559  | 16,00        | -               
560  | 13,00        | -               
561  | 14,00        | -               
562  | 14,00        | -               
563  | 12,00        | -               
564  | 15,00        | -               
565  | 8,00         | -               
566  | 17,00        | -               
567  | 19,00        | -               
568  | 6,00         | -               
569  | 18,00        | -               
570  | 10,00        | -               
571  | 20,00        | -               
572  | 10,00        | -               
573  | 19,00        | -               
574  | 7,00         | -               
575  | 17,00        | -               
576  | 15,00        | -               
577  | 5,00         | -               
578  | 17,00        | -               
579  | 16,00        | -               
580  | 5,00         | -               
581  | 16,00        | -               
582  | 18,00        | -               
583  | 14,00        | -               
584  | 8,00         | -               
585  | 17,00        | -               
586  | 14,00        | -               
587  | 12,00        | -               
588  | 6,00         | -               
589  | 20,00        | -               
590  | 7,00         | -               
591  | 18,00        | -               
592  | 18,00        | -               
593  | 8,00         | -               
594  | 12,00        | -               
595  | 6,00         | -               
596  | 5,00         | -               
597  | 11,00        | -               
598  | 20,00        | -               
599  | 12,00        | -               
600  | 12,00        | -               
601  | 13,00        | -               
602  | 5,00         | -               
603  | 12,00        | -               
604  | 6,00         | -               
605  | 6,00         | -               
606  | 6,00         | -               
607  | 20,00        | -               
608  | 17,00        | -               
609  | 18,00        | -               
610  | 6,00         | -               
611  | 11,00        | -               
612  | 20,00        | -               
613  | 9,00         | -               
614  | 10,00        | -               
615  | 20,00        | -               
616  | 19,00        | -               
617  | 5,00         | -               
618  | 7,00         | -               
619  | 18,00        | -               
620  | 7,00         | -               
621  | 17,00        | -               
622  | 13,00        | -               
623  | 6,00         | -               
624  | 10,00        | -               
625  | 7,00         | -               
626  | 13,00        | -               
627  | 8,00         | -               
628  | 8,00         | -               
629  | 12,00        | -               
630  | 5,00         | -               
631  | 9,00         | -               
632  | 20,00        | -               
633  | 15,00        | -               
634  | 20,00        | -               
635  | 11,00        | -               
636  | 12,00        | -               
637  | 15,00        | -               
638  | 13,00        | -               
639  | 15,00        | -               
640  | 18,00        | -               
641  | 20,00        | -               
642  | 20,00        | -               
643  | 19,00        | -               
644  | 18,00        | -               
645  | 7,00         | -               
646  | 15,00        | -               
647  | 12,00        | -               
648  | 17,00        | -               
649  | 19,00        | -               
650  | 6,00         | -               
651  | 19,00        | -               
652  | 19,00        | -               
653  | 8,00         | -               
654  | 15,00        | -               
655  | 7,00         | -               
656  | 6,00         | -               
657  | 12,00        | -               
658  | 15,00        | -               
659  | 11,00        | -               
660  | 20,00        | -               
661  | 14,00        | -               
662  | 10,00        | -               
663  | 13,00        | -               
664  | 9,00         | -               
665  | 16,00        | -               
666  | 5,00         | -               
667  | 16,00        | -               
668  | 13,00        | -               
669  | 8,00         | -               
670  | 14,00        | -               
671  | 13,00        | -               
672  | 16,00        | -               
673  | 6,00         | -               
674  | 14,00        | -               
675  | 9,00         | -               
676  | 8,00         | -               
677  | 10,00        | -               
678  | 15,00        | -               
679  | 12,00        | -               
680  | 17,00        | -               
681  | 14,00        | -               
682  | 14,00        | -               
683  | 8,00         | -               
684  | 6,00         | -               
685  | 16,00        | -               
686  | 15,00        | -               
687  | 17,00        | -               
688  | 19,00        | -               
689  | 7,00         | -               
690  | 5,00         | -               
691  | 9,00         | -               
692  | 10,00        | -               
693  | 17,00        | -               
694  | 6,00         | -               
695  | 14,00        | -               
696  | 14,00        | -               
697  | 15,00        | -               
698  | 18,00        | -               
699  | 9,00         | -               
700  | 8,00         | -               
701  | 8,00         | -               
702  | 20,00        | -               
703  | 10,00        | -               
704  | 5,00         | -               
705  | 7,00         | -               
706  | 16,00        | -               
707  | 12,00        | -               
708  | 16,00        | -               
709  | 20,00        | -               
710  | 8,00         | -               
711  | 10,00        | -               
712  | 15,00        | -               
713  | 5,00         | -               
714  | 8,00         | -               
715  | 6,00         | -               
716  | 19,00        | -               
717  | 16,00        | -               
718  | 13,00        | -               
719  | 5,00         | -               
720  | 15,00        | -               
721  | 7,00         | -               
722  | 11,00        | -               
723  | 7,00         | -               
724  | 19,00        | -               
725  | 16,00        | -               
726  | 10,00        | -               
727  | 16,00        | -               
728  | 11,00        | -               
729  | 18,00        | -               
730  | 14,00        | -               
731  | 13,00        | -               
732  | 14,00        | -               
733  | 17,00        | -               
734  | 14,00        | -               
735  | 15,00        | -               
736  | 9,00         | -               
737  | 12,00        | -               
738  | 6,00         | -               
739  | 18,00        | -               
740  | 6,00         | -               
741  | 16,00        | -               
742  | 15,00        | -               
743  | 13,00        | -               
744  | 15,00        | -               
745  | 20,00        | -               
746  | 7,00         | -               
747  | 20,00        | -               
748  | 19,00        | -               
749  | 17,00        | -               
750  | 14,00        | -               
751  | 11,00        | -               
752  | 14,00        | -               
753  | 8,00         | -               
754  | 14,00        | -               
755  | 9,00         | -               
756  | 11,00        | -               
757  | 6,00         | -               
758  | 7,00         | -               
759  | 17,00        | -               
760  | 20,00        | -               
761  | 6,00         | -               
762  | 18,00        | -               
763  | 6,00         | -               
764  | 10,00        | -               
765  | 11,00        | -               
766  | 19,00        | -               
767  | 9,00         | -               
768  | 9,00         | -               
769  | 5,00         | -               
770  | 16,00        | -               
771  | 11,00        | -               
772  | 11,00        | -               
773  | 9,00         | -               
774  | 15,00        | -               
775  | 5,00         | -               
776  | 7,00         | -               
777  | 19,00        | -               
778  | 12,00        | -               
779  | 19,00        | -               
780  | 17,00        | -               
781  | 19,00        | -               
782  | 19,00        | -               
783  | 11,00        | -               
784  | 13,00        | -               
785  | 8,00         | -               
786  | 16,00        | -               
787  | 10,00        | -               
788  | 8,00         | -               
789  | 18,00        | -               
790  | 13,00        | -               
791  | 13,00        | -               
792  | 16,00        | -               
793  | 17,00        | -               
794  | 19,00        | -               
795  | 6,00         | -               
796  | 10,00        | -               
797  | 8,00         | -               
798  | 20,00        | -               
799  | 7,00         | -               
800  | 8,00         | -               
801  | 13,00        | -               
802  | 17,00        | -               
803  | 17,00        | -               
804  | 15,00        | -               
805  | 18,00        | -               
806  | 17,00        | -               
807  | 17,00        | -               
808  | 15,00        | -               
809  | 7,00         | -               
810  | 14,00        | -               
811  | 19,00        | -               
812  | 9,00         | -               
813  | 18,00        | -               
814  | 18,00        | -               
815  | 11,00        | -               
816  | 17,00        | -               
817  | 8,00         | -               
818  | 12,00        | -               
819  | 6,00         | -               
820  | 12,00        | -               
821  | 15,00        | -               
822  | 15,00        | -               
823  | 5,00         | -               
824  | 8,00         | -               
825  | 15,00        | -               
826  | 20,00        | -               
827  | 12,00        | -               
828  | 14,00        | -               
829  | 7,00         | -               
830  | 8,00         | -               
831  | 5,00         | -               
832  | 18,00        | -               
833  | 7,00         | -               
834  | 12,00        | -               
835  | 10,00        | -               
836  | 16,00        | -               
837  | 5,00         | -               
838  | 6,00         | -               
839  | 18,00        | -               
840  | 10,00        | -               
841  | 6,00         | -               
842  | 19,00        | -               
843  | 13,00        | -               
844  | 19,00        | -               
845  | 11,00        | -               
846  | 20,00        | -               
847  | 17,00        | -               
848  | 7,00         | -               
849  | 12,00        | -               
850  | 11,00        | -               
851  | 17,00        | -               
852  | 6,00         | -               
853  | 6,00         | -               
854  | 8,00         | -               
855  | 17,00        | -               
856  | 5,00         | -               
857  | 12,00        | -               
858  | 17,00        | -               
859  | 14,00        | -               
860  | 7,00         | -               
861  | 15,00        | -               
862  | 7,00         | -               
863  | 11,00        | -               
864  | 5,00         | -               
865  | 17,00        | -               
866  | 9,00         | -               
867  | 19,00        | -               
868  | 20,00        | -               
869  | 5,00         | -               
870  | 17,00        | -               
871  | 7,00         | -               
872  | 9,00         | -               
873  | 16,00        | -               
874  | 20,00        | -               
875  | 5,00         | -               
876  | 18,00        | -               
877  | 17,00        | -               
878  | 16,00        | -               
879  | 6,00         | -               
880  | 11,00        | -               
881  | 5,00         | -               
882  | 11,00        | -               
883  | 5,00         | -               
884  | 6,00         | -               
885  | 19,00        | -               
886  | 16,00        | -               
887  | 7,00         | -               
888  | 15,00        | -               
889  | 8,00         | -               
890  | 5,00         | -               
891  | 15,00        | -               
892  | 19,00        | -               
893  | 16,00        | -               
894  | 14,00        | -               
895  | 20,00        | -               
896  | 19,00        | -               
897  | 14,00        | -               
898  | 13,00        | -               
899  | 15,00        | -               
900  | 7,00         | -               
901  | 8,00         | -               
902  | 6,00         | -               
903  | 13,00        | -               
904  | 17,00        | -               
905  | 6,00         | -               
906  | 12,00        | -               
907  | 19,00        | -               
908  | 16,00        | -               
909  | 12,00        | -               
910  | 19,00        | -               
911  | 10,00        | -               
912  | 10,00        | -               
913  | 19,00        | -               
914  | 15,00        | -               
915  | 5,00         | -               
916  | 15,00        | -               
917  | 18,00        | -               
918  | 17,00        | -               
919  | 8,00         | -               
920  | 16,00        | -               
921  | 7,00         | -               
922  | 20,00        | -               
923  | 9,00         | -               
924  | 18,00        | -               
925  | 16,00        | -               
926  | 11,00        | -               
927  | 5,00         | -               
928  | 16,00        | -               
929  | 19,00        | -               
930  | 17,00        | -               
931  | 19,00        | -               
932  | 15,00        | -               
933  | 8,00         | -               
934  | 9,00         | -               
935  | 7,00         | -               
936  | 19,00        | -               
937  | 9,00         | -               
938  | 8,00         | -               
939  | 19,00        | -               
940  | 9,00         | -               
941  | 7,00         | -               
942  | 16,00        | -               
943  | 7,00         | -               
944  | 9,00         | -               
945  | 15,00        | -               
946  | 19,00        | -               
947  | 19,00        | -               
948  | 15,00        | -               
949  | 13,00        | -               
950  | 8,00         | -               
951  | 15,00        | -               
952  | 10,00        | -               
953  | 7,00         | -               
954  | 15,00        | -               
955  | 9,00         | -               
956  | 7,00         | -               
957  | 9,00         | -               
958  | 10,00        | -               
959  | 9,00         | -               
960  | 8,00         | -               
961  | 10,00        | -               
962  | 20,00        | -               
963  | 7,00         | -               
964  | 6,00         | -               
965  | 6,00         | -               
966  | 18,00        | -               
967  | 11,00        | -               
968  | 18,00        | -               
969  | 8,00         | -               
970  | 13,00        | -               
971  | 20,00        | -               
972  | 15,00        | -               
973  | 18,00        | -               
974  | 20,00        | -               
975  | 19,00        | -               
976  | 15,00        | -               
977  | 11,00        | -               
978  | 17,00        | -               
979  | 19,00        | -               
980  | 19,00        | -               
981  | 8,00         | -               
982  | 19,00        | -               
983  | 7,00         | -               
984  | 10,00        | -               
985  | 6,00         | -               
986  | 5,00         | -               
987  | 10,00        | -               
988  | 16,00        | -               
989  | 10,00        | -               
990  | 6,00         | -               
991  | 20,00        | -               
992  | 19,00        | -               
993  | 6,00         | -               
994  | 18,00        | -               
995  | 14,00        | -               
996  | 8,00         | -               
997  | 9,00         | -               
998  | 19,00        | -               
999  | 15,00        | -               
1000 | 16,00        | -               
1001 | 10,00        | -               
1002 | 15,00        | -               
1003 | 5,00         | -               
1004 | 15,00        | -               
1005 | 12,00        | -               
1006 | 12,00        | -               
1007 | 11,00        | -               
1008 | 18,00        | -               
1009 | 5,00         | -               
1010 | 18,00        | -               
1011 | 11,00        | -               
1012 | 17,00        | -               
1013 | 7,00         | -               
1014 | 5,00         | -               
1015 | 5,00         | -               
1016 | 12,00        | -               
1017 | 13,00        | -               
1018 | 7,00         | -               
1019 | 15,00        | -               
1020 | 5,00         | -               
1021 | 20,00        | -               
1022 | 20,00        | -               
1023 | 17,00        | -               
1024 | 13,00        | -               
1025 | 11,00        | -               
1026 | 7,00         | -               
1027 | 12,00        | -               
1028 | 14,00        | -               
1029 | 17,00        | -               
1030 | 8,00         | -               
1031 | 10,00        | -               
1032 | 18,00        | -               
1033 | 19,00        | -               
1034 | 10,00        | -               
1035 | 18,00        | -               
1036 | 6,00         | -               
1037 | 16,00        | -               
1038 | 10,00        | -               
1039 | 6,00         | -               
1040 | 17,00        | -               
1041 | 16,00        | -               
1042 | 8,00         | -               
1043 | 8,00         | -               
1044 | 13,00        | -               
1045 | 15,00        | -               
1046 | 19,00        | -               
1047 | 12,00        | -               
1048 | 14,00        | -               
1049 | 14,00        | -               
1050 | 7,00         | -               
1051 | 5,00         | -               
1052 | 5,00         | -               
1053 | 7,00         | -               
1054 | 8,00         | -               
1055 | 5,00         | -               
1056 | 6,00         | -               
1057 | 9,00         | -               
1058 | 17,00        | -               
1059 | 20,00        | -               
1060 | 19,00        | -               
1061 | 5,00         | -               
1062 | 10,00        | -               
1063 | 12,00        | -               
1064 | 6,00         | -               
1065 | 11,00        | -               
1066 | 8,00         | -               
1067 | 18,00        | -               
1068 | 10,00        | -               
1069 | 18,00        | -               
1070 | 13,00        | -               
1071 | 5,00         | -               
1072 | 20,00        | -               
1073 | 20,00        | -               
1074 | 6,00         | -               
1075 | 5,00         | -               
1076 | 9,00         | -               
1077 | 13,00        | -               
1078 | 14,00        | -               
1079 | 8,00         | -               
1080 | 13,00        | -               
1081 | 10,00        | -               
1082 | 16,00        | -               
1083 | 18,00        | -               
1084 | 20,00        | -               
1085 | 9,00         | -               
1086 | 9,00         | -               
1087 | 18,00        | -               
1088 | 20,00        | -               
1089 | 20,00        | -               
1090 | 19,00        | -               
1091 | 19,00        | -               
1092 | 7,00         | -               
1093 | 11,00        | -               
1094 | 13,00        | -               
1095 | 13,00        | -               
1096 | 15,00        | -               
1097 | 9,00         | -               
1098 | 6,00         | -               
1099 | 10,00        | -               
1100 | 19,00        | -               
1101 | 11,00        | -               
1102 | 20,00        | -               
1103 | 9,00         | -               
1104 | 8,00         | -               
1105 | 5,00         | -               
1106 | 8,00         | -               
1107 | 15,00        | -               
1108 | 8,00         | -               
1109 | 20,00        | -               
1110 | 9,00         | -               
1111 | 20,00        | -               
1112 | 15,00        | -               
1113 | 6,00         | -               
1114 | 13,00        | -               
1115 | 7,00         | -               
1116 | 19,00        | -               
1117 | 19,00        | -               
1118 | 19,00        | -               
1119 | 11,00        | -               
1120 | 19,00        | -               
1121 | 5,00         | -               
1122 | 10,00        | -               
1123 | 12,00        | -               
1124 | 16,00        | -               
1125 | 9,00         | -               
1126 | 20,00        | -               
1127 | 9,00         | -               
1128 | 18,00        | -               
1129 | 7,00         | -               
1130 | 20,00        | -               
1131 | 10,00        | -               
1132 | 18,00        | -               
1133 | 20,00        | -               
1134 | 10,00        | -               
1135 | 14,00        | -               
1136 | 15,00        | -               
1137 | 20,00        | -               
1138 | 20,00        | -               
1139 | 14,00        | -               
1140 | 5,00         | -               
1141 | 9,00         | -               
1142 | 18,00        | -               
1143 | 18,00        | -               
1144 | 7,00         | -               
1145 | 5,00         | -               
1146 | 10,00        | -               
1147 | 17,00        | -               
1148 | 10,00        | -               
1149 | 14,00        | -               
1150 | 17,00        | -               
1151 | 19,00        | -               
1152 | 19,00        | -               
1153 | 20,00        | -               
1154 | 15,00        | -               
1155 | 7,00         | -               
1156 | 17,00        | -               
1157 | 20,00        | -               
1158 | 12,00        | -               
1159 | 5,00         | -               
1160 | 15,00        | -               
1161 | 10,00        | -               
1162 | 8,00         | -               
1163 | 9,00         | -               
1164 | 5,00         | -               
1165 | 12,00        | -               
1166 | 11,00        | -               
1167 | 12,00        | -               
1168 | 13,00        | -               
1169 | 5,00         | -               
1170 | 7,00         | -               
1171 | 13,00        | -               
1172 | 16,00        | -               
1173 | 14,00        | -               
1174 | 16,00        | -               
1175 | 10,00        | -               
1176 | 10,00        | -               
1177 | 12,00        | -               
1178 | 12,00        | -               
1179 | 15,00        | -               
1180 | 18,00        | -               
1181 | 14,00        | -               
1182 | 5,00         | -               
1183 | 16,00        | -               
1184 | 8,00         | -               
1185 | 6,00         | -               
1186 | 5,00         | -               
1187 | 5,00         | -               
1188 | 19,00        | -               
1189 | 17,00        | -               
1190 | 10,00        | -               
1191 | 19,00        | -               
1192 | 19,00        | -               
1193 | 9,00         | -               
1194 | 19,00        | -               
1195 | 14,00        | -               
1196 | 6,00         | -               
1197 | 10,00        | -               
1198 | 14,00        | -               
1199 | 7,00         | -               
1200 | 15,00        | -               
1201 | 15,00        | -               
1202 | 11,00        | -               
1203 | 8,00         | -               
1204 | 10,00        | -               
1205 | 12,00        | -               
1206 | 20,00        | -               
1207 | 12,00        | -               
1208 | 20,00        | -               
1209 | 18,00        | -               
1210 | 7,00         | -               
1211 | 10,00        | -               
1212 | 11,00        | -               
1213 | 18,00        | -               
1214 | 8,00         | -               
1215 | 12,00        | -               
1216 | 6,00         | -               
1217 | 5,00         | -               
1218 | 6,00         | -               
1219 | 8,00         | -               
1220 | 16,00        | -               
1221 | 12,00        | -               
1222 | 16,00        | -               
1223 | 14,00        | -               
1224 | 6,00         | -               
1225 | 8,00         | -               
1226 | 10,00        | -               
1227 | 9,00         | -               
1228 | 7,00         | -               
1229 | 8,00         | -               
1230 | 6,00         | -               
1231 | 19,00        | -               
1232 | 19,00        | -               
1233 | 19,00        | -               
1234 | 17,00        | -               
1235 | 11,00        | -               
1236 | 6,00         | -               
1237 | 5,00         | -               
1238 | 19,00        | -               
1239 | 12,00        | -               
1240 | 20,00        | -               
1241 | 20,00        | -               
1242 | 10,00        | -               
1243 | 20,00        | -               
1244 | 14,00        | -               
1245 | 12,00        | -               
1246 | 14,00        | -               
1247 | 16,00        | -               
1248 | 15,00        | -               
1249 | 19,00        | -               
1250 | 9,00         | -               
1251 | 18,00        | -               
1252 | 15,00        | -               
1253 | 11,00        | -               
1254 | 20,00        | -               
1255 | 18,00        | -               
1256 | 7,00         | -               
1257 | 19,00        | -               
1258 | 6,00         | -               
1259 | 13,00        | -               
1260 | 17,00        | -               
1261 | 9,00         | -               
1262 | 14,00        | -               
1263 | 6,00         | -               
1264 | 17,00        | -               
1265 | 10,00        | -               
1266 | 15,00        | -               
1267 | 12,00        | -               
1268 | 11,00        | -               
1269 | 5,00         | -               
1270 | 8,00         | -               
1271 | 5,00         | -               
1272 | 10,00        | -               
1273 | 6,00         | -               
1274 | 8,00         | -               
1275 | 18,00        | -               
1276 | 19,00        | -               
