
--- TABLA 11: RESULTADOS GVNS (AJUSTE Y RESULTADOS) ---
Instancia | kmax | Ejec. | |Jopen| | C. Fijo  | C. Asig. | C. Total | Incomp. | CPU_Time (s)
----------+------+-------+---------+----------+----------+----------+---------+-------------
wlp02.dzn | 2    | 1     | 59      | 34390,00 | 22496,00 | 56886,00 | 0       | 1,23        
wlp02.dzn | 2    | 2     | 57      | 33400,00 | 23365,00 | 56765,00 | 0       | 1,13        
wlp02.dzn | 2    | 3     | 55      | 34440,00 | 22628,00 | 57068,00 | 0       | 1,94        
wlp02.dzn | 3    | 1     | 58      | 33670,00 | 23494,00 | 57164,00 | 0       | 1,82        
wlp02.dzn | 3    | 2     | 58      | 33300,00 | 23585,00 | 56885,00 | 0       | 1,53        
wlp02.dzn | 3    | 3     | 58      | 33380,00 | 23444,00 | 56824,00 | 0       | 2,68        
Promedio  | -    | -     | 57,50   | 33763,33 | 23168,67 | 56932,00 | 0,00    | 1,72        
