
--- TABLA 11: RESULTADOS GVNS (AJUSTE Y RESULTADOS) ---
Instancia | kmax | Ejec. | |Jopen| | C. Fijo  | C. Asig. | C. Total | Incomp. | CPU_Time (s)
----------+------+-------+---------+----------+----------+----------+---------+-------------
wlp01.dzn | 2    | 1     | 29      | 16860,00 | 13659,00 | 30519,00 | 0       | 0,14        
wlp01.dzn | 2    | 2     | 29      | 16290,00 | 13845,00 | 30135,00 | 0       | 0,16        
wlp01.dzn | 2    | 3     | 28      | 15970,00 | 13657,00 | 29627,00 | 0       | 0,25        
wlp01.dzn | 3    | 1     | 28      | 15590,00 | 13929,00 | 29519,00 | 0       | 0,23        
wlp01.dzn | 3    | 2     | 29      | 16220,00 | 13542,00 | 29762,00 | 0       | 0,23        
wlp01.dzn | 3    | 3     | 28      | 16510,00 | 13624,00 | 30134,00 | 0       | 0,17        
Promedio  | -    | -     | 28,50   | 16240,00 | 13709,33 | 29949,33 | 0,00    | 0,19        
