
--- TABLA 2: MATRIZ DE COSTES UNITARIOS DE TRANSPORTE (cij) ---
Cliente\Instalación | Facility 0 | Facility 1 | Facility 2 | Facility 3 | Facility 4 | Facility 5 | Facility 6 | Facility 7 | Facility 8 | Facility 9 | Facility 10 | Facility 11 | Facility 12 | Facility 13 | Facility 14 | Facility 15 | Facility 16 | Facility 17 | Facility 18 | Facility 19 | Facility 20 | Facility 21 | Facility 22 | Facility 23 | Facility 24 | Facility 25 | Facility 26 | Facility 27 | Facility 28 | Facility 29 | Facility 30 | Facility 31 | Facility 32 | Facility 33 | Facility 34 | Facility 35 | Facility 36 | Facility 37 | Facility 38 | Facility 39 | Facility 40 | Facility 41 | Facility 42 | Facility 43 | Facility 44 | Facility 45 | Facility 46 | Facility 47 | Facility 48 | Facility 49
--------------------+------------+------------+------------+------------+------------+------------+------------+------------+------------+------------+-------------+-------------+-------------+-------------+-------------+-------------+-------------+-------------+-------------+-------------+-------------+-------------+-------------+-------------+-------------+-------------+-------------+-------------+-------------+-------------+-------------+-------------+-------------+-------------+-------------+-------------+-------------+-------------+-------------+-------------+-------------+-------------+-------------+-------------+-------------+-------------+-------------+-------------+-------------+------------
0                   | 38,00      | 60,00      | 52,00      | 86,00      | 68,00      | 85,00      | 49,00      | 101,00     | 54,00      | 64,00      | 97,00       | 56,00       | 59,00       | 27,00       | 71,00       | 50,00       | 45,00       | 74,00       | 31,00       | 57,00       | 14,00       | 62,00       | 54,00       | 54,00       | 79,00       | 66,00       | 43,00       | 33,00       | 60,00       | 41,00       | 62,00       | 71,00       | 21,00       | 22,00       | 41,00       | 40,00       | 44,00       | 105,00      | 60,00       | 66,00       | 91,00       | 29,00       | 80,00       | 85,00       | 86,00       | 30,00       | 66,00       | 35,00       | 79,00       | 27,00      
1                   | 75,00      | 86,00      | 43,00      | 2,00       | 67,00      | 36,00      | 55,00      | 51,00      | 106,00     | 50,00      | 37,00       | 90,00       | 83,00       | 59,00       | 43,00       | 36,00       | 41,00       | 45,00       | 70,00       | 44,00       | 83,00       | 30,00       | 95,00       | 32,00       | 18,00       | 40,00       | 90,00       | 56,00       | 27,00       | 72,00       | 76,00       | 50,00       | 70,00       | 86,00       | 46,00       | 47,00       | 80,00       | 58,00       | 76,00       | 66,00       | 31,00       | 75,00       | 25,00       | 48,00       | 3,00        | 81,00       | 26,00       | 92,00       | 34,00       | 91,00      
2                   | 36,00      | 58,00      | 46,00      | 79,00      | 64,00      | 79,00      | 43,00      | 95,00      | 56,00      | 58,00      | 91,00       | 55,00       | 57,00       | 20,00       | 65,00       | 43,00       | 38,00       | 68,00       | 27,00       | 50,00       | 14,00       | 55,00       | 54,00       | 47,00       | 72,00       | 59,00       | 43,00       | 26,00       | 52,00       | 37,00       | 59,00       | 66,00       | 16,00       | 22,00       | 34,00       | 33,00       | 42,00       | 99,00       | 58,00       | 62,00       | 84,00       | 27,00       | 73,00       | 80,00       | 79,00       | 28,00       | 59,00       | 35,00       | 73,00       | 29,00      
3                   | 19,00      | 27,00      | 55,00      | 61,00      | 18,00      | 40,00      | 6,00       | 52,00      | 47,00      | 73,00      | 52,00       | 30,00       | 24,00       | 36,00       | 24,00       | 34,00       | 37,00       | 78,00       | 61,00       | 62,00       | 40,00       | 30,00       | 36,00       | 36,00       | 64,00       | 67,00       | 32,00       | 26,00       | 44,00       | 71,00       | 20,00       | 22,00       | 31,00       | 66,00       | 31,00       | 28,00       | 78,00       | 55,00       | 19,00       | 16,00       | 81,00       | 24,00       | 40,00       | 36,00       | 62,00       | 69,00       | 56,00       | 79,00       | 36,00       | 39,00      
4                   | 17,00      | 39,00      | 52,00      | 77,00      | 47,00      | 68,00      | 29,00      | 82,00      | 40,00      | 68,00      | 80,00       | 36,00       | 38,00       | 24,00       | 53,00       | 41,00       | 39,00       | 76,00       | 42,00       | 58,00       | 9,00        | 48,00       | 36,00       | 45,00       | 74,00       | 67,00       | 25,00       | 21,00       | 52,00       | 53,00       | 40,00       | 52,00       | 9,00        | 41,00       | 32,00       | 30,00       | 59,00       | 85,00       | 39,00       | 45,00       | 88,00       | 8,00        | 65,00       | 66,00       | 77,00       | 46,00       | 62,00       | 54,00       | 63,00       | 16,00      
5                   | 23,00      | 31,00      | 53,00      | 57,00      | 19,00      | 36,00      | 5,00       | 48,00      | 51,00      | 70,00      | 48,00       | 35,00       | 28,00       | 36,00       | 20,00       | 32,00       | 35,00       | 75,00       | 60,00       | 59,00       | 43,00       | 25,00       | 40,00       | 33,00       | 60,00       | 64,00       | 36,00       | 26,00       | 41,00       | 70,00       | 23,00       | 18,00       | 33,00       | 67,00       | 29,00       | 26,00       | 78,00       | 52,00       | 22,00       | 17,00       | 78,00       | 28,00       | 36,00       | 33,00       | 57,00       | 69,00       | 53,00       | 79,00       | 31,00       | 43,00      
6                   | 71,00      | 91,00      | 15,00      | 54,00      | 85,00      | 77,00      | 62,00      | 95,00      | 99,00      | 11,00      | 85,00       | 92,00       | 89,00       | 36,00       | 71,00       | 36,00       | 31,00       | 21,00       | 24,00       | 11,00       | 60,00       | 51,00       | 94,00       | 38,00       | 39,00       | 17,00       | 84,00       | 44,00       | 34,00       | 20,00       | 87,00       | 76,00       | 51,00       | 40,00       | 37,00       | 40,00       | 27,00       | 102,00      | 86,00       | 83,00       | 43,00       | 64,00       | 66,00       | 85,00       | 53,00       | 33,00       | 29,00       | 41,00       | 71,00       | 74,00      
7                   | 31,00      | 28,00      | 90,00      | 107,00     | 50,00      | 86,00      | 51,00      | 93,00      | 3,00       | 106,00     | 97,00       | 21,00       | 30,00       | 62,00       | 70,00       | 75,00       | 75,00       | 114,00      | 80,00       | 96,00       | 40,00       | 76,00       | 14,00       | 78,00       | 108,00      | 104,00      | 16,00       | 57,00       | 86,00       | 91,00       | 38,00       | 66,00       | 47,00       | 74,00       | 67,00       | 64,00       | 96,00       | 94,00       | 37,00       | 49,00       | 124,00      | 34,00       | 88,00       | 79,00       | 108,00      | 82,00       | 97,00       | 87,00       | 82,00       | 25,00      
8                   | 29,00      | 47,00      | 33,00      | 51,00      | 41,00      | 47,00      | 17,00      | 63,00      | 60,00      | 50,00      | 58,00       | 48,00       | 44,00       | 16,00       | 34,00       | 16,00       | 16,00       | 56,00       | 39,00       | 40,00       | 33,00       | 23,00       | 52,00       | 19,00       | 48,00       | 46,00       | 43,00       | 6,00        | 27,00       | 48,00       | 42,00       | 36,00       | 20,00       | 48,00       | 9,00        | 5,00        | 56,00       | 68,00       | 41,00       | 39,00       | 64,00       | 26,00       | 41,00       | 49,00       | 51,00       | 48,00       | 38,00       | 59,00       | 41,00       | 41,00      
9                   | 49,00      | 55,00      | 47,00      | 32,00      | 37,00      | 16,00      | 28,00      | 34,00      | 77,00      | 62,00      | 27,00       | 60,00       | 53,00       | 46,00       | 13,00       | 27,00       | 33,00       | 63,00       | 66,00       | 52,00       | 63,00       | 11,00       | 66,00       | 24,00       | 41,00       | 53,00       | 62,00       | 38,00       | 28,00       | 73,00       | 46,00       | 19,00       | 51,00       | 78,00       | 32,00       | 32,00       | 81,00       | 40,00       | 46,00       | 36,00       | 58,00       | 51,00       | 10,00       | 23,00       | 33,00       | 77,00       | 38,00       | 88,00       | 10,00       | 67,00      
10                  | 35,00      | 43,00      | 47,00      | 44,00      | 27,00      | 26,00      | 14,00      | 41,00      | 64,00      | 63,00      | 38,00       | 48,00       | 40,00       | 38,00       | 12,00       | 25,00       | 30,00       | 66,00       | 60,00       | 52,00       | 51,00       | 13,00       | 53,00       | 24,00       | 49,00       | 56,00       | 49,00       | 28,00       | 31,00       | 69,00       | 34,00       | 15,00       | 39,00       | 70,00       | 26,00       | 24,00       | 77,00       | 46,00       | 34,00       | 26,00       | 66,00       | 38,00       | 24,00       | 27,00       | 45,00       | 70,00       | 43,00       | 81,00       | 20,00       | 54,00      
11                  | 70,00      | 72,00      | 62,00      | 30,00      | 51,00      | 13,00      | 49,00      | 23,00      | 96,00      | 74,00      | 9,00        | 78,00       | 70,00       | 67,00       | 28,00       | 46,00       | 52,00       | 72,00       | 85,00       | 65,00       | 85,00       | 31,00       | 85,00       | 43,00       | 45,00       | 64,00       | 82,00       | 60,00       | 43,00       | 91,00       | 62,00       | 33,00       | 73,00       | 98,00       | 53,00       | 53,00       | 99,00       | 30,00       | 63,00       | 51,00       | 59,00       | 73,00       | 13,00       | 24,00       | 31,00       | 97,00       | 49,00       | 107,00      | 16,00       | 89,00      
12                  | 8,00       | 15,00      | 69,00      | 82,00      | 29,00      | 62,00      | 26,00      | 71,00      | 24,00      | 86,00      | 74,00       | 13,00       | 14,00       | 43,00       | 46,00       | 51,00       | 52,00       | 93,00       | 65,00       | 75,00       | 30,00       | 51,00       | 15,00       | 54,00       | 83,00       | 82,00       | 9,00        | 35,00       | 62,00       | 76,00       | 19,00       | 42,00       | 30,00       | 64,00       | 45,00       | 42,00       | 82,00       | 73,00       | 18,00       | 28,00       | 100,00      | 16,00       | 63,00       | 56,00       | 83,00       | 70,00       | 74,00       | 78,00       | 58,00       | 22,00      
13                  | 28,00      | 27,00      | 62,00      | 60,00      | 10,00      | 33,00      | 15,00      | 42,00      | 51,00      | 79,00      | 45,00       | 33,00       | 25,00       | 46,00       | 18,00       | 40,00       | 44,00       | 83,00       | 70,00       | 68,00       | 50,00       | 31,00       | 40,00       | 40,00       | 66,00       | 73,00       | 38,00       | 36,00       | 48,00       | 80,00       | 18,00       | 13,00       | 42,00       | 76,00       | 39,00       | 36,00       | 88,00       | 45,00       | 18,00       | 8,00        | 84,00       | 34,00       | 37,00       | 27,00       | 61,00       | 79,00       | 60,00       | 89,00       | 30,00       | 49,00      
14                  | 52,00      | 74,00      | 28,00      | 68,00      | 74,00      | 79,00      | 51,00      | 96,00      | 77,00      | 37,00      | 89,00       | 73,00       | 72,00       | 20,00       | 68,00       | 36,00       | 30,00       | 47,00       | 5,00        | 31,00       | 36,00       | 52,00       | 73,00       | 40,00       | 57,00       | 40,00       | 63,00       | 30,00       | 42,00       | 16,00       | 73,00       | 71,00       | 30,00       | 17,00       | 30,00       | 32,00       | 23,00       | 102,00      | 72,00       | 72,00       | 66,00       | 44,00       | 70,00       | 83,00       | 68,00       | 14,00       | 44,00       | 25,00       | 72,00       | 50,00      
15                  | 43,00      | 50,00      | 47,00      | 37,00      | 32,00      | 19,00      | 23,00      | 36,00      | 72,00      | 62,00      | 31,00       | 55,00       | 48,00       | 43,00       | 10,00       | 26,00       | 32,00       | 64,00       | 64,00       | 52,00       | 59,00       | 10,00       | 61,00       | 24,00       | 44,00       | 54,00       | 57,00       | 34,00       | 29,00       | 71,00       | 41,00       | 16,00       | 46,00       | 75,00       | 30,00       | 29,00       | 80,00       | 42,00       | 41,00       | 31,00       | 61,00       | 46,00       | 15,00       | 23,00       | 38,00       | 74,00       | 40,00       | 85,00       | 13,00       | 62,00      
16                  | 47,00      | 70,00      | 33,00      | 71,00      | 72,00      | 79,00      | 49,00      | 96,00      | 71,00      | 43,00      | 90,00       | 68,00       | 68,00       | 18,00       | 67,00       | 38,00       | 32,00       | 53,00       | 11,00       | 37,00       | 30,00       | 53,00       | 68,00       | 41,00       | 61,00       | 46,00       | 57,00       | 28,00       | 45,00       | 22,00       | 69,00       | 69,00       | 25,00       | 15,00       | 31,00       | 31,00       | 27,00       | 101,00      | 68,00       | 69,00       | 71,00       | 39,00       | 71,00       | 82,00       | 71,00       | 16,00       | 48,00       | 26,00       | 73,00       | 44,00      
17                  | 54,00      | 76,00      | 48,00      | 87,00      | 82,00      | 94,00      | 60,00      | 110,00     | 71,00      | 56,00      | 105,00      | 73,00       | 74,00       | 32,00       | 81,00       | 53,00       | 48,00       | 66,00       | 22,00       | 51,00       | 31,00       | 68,00       | 71,00       | 57,00       | 77,00       | 60,00       | 60,00       | 41,00       | 61,00       | 28,00       | 77,00       | 82,00       | 33,00       | 6,00        | 46,00       | 46,00       | 29,00       | 115,00      | 76,00       | 79,00       | 86,00       | 45,00       | 86,00       | 96,00       | 87,00       | 15,00       | 64,00       | 18,00       | 87,00       | 44,00      
18                  | 34,00      | 40,00      | 49,00      | 47,00      | 24,00      | 26,00      | 13,00      | 41,00      | 62,00      | 66,00      | 38,00       | 45,00       | 37,00       | 39,00       | 11,00       | 27,00       | 32,00       | 69,00       | 62,00       | 55,00       | 51,00       | 17,00       | 51,00       | 27,00       | 52,00       | 59,00       | 47,00       | 29,00       | 34,00       | 71,00       | 31,00       | 13,00       | 39,00       | 71,00       | 28,00       | 26,00       | 79,00       | 45,00       | 31,00       | 22,00       | 69,00       | 37,00       | 25,00       | 26,00       | 47,00       | 72,00       | 46,00       | 82,00       | 21,00       | 53,00      
19                  | 27,00      | 44,00      | 66,00      | 93,00      | 58,00      | 84,00      | 44,00      | 96,00      | 34,00      | 80,00      | 96,00       | 39,00       | 44,00       | 37,00       | 68,00       | 57,00       | 54,00       | 89,00       | 50,00       | 71,00       | 11,00       | 65,00       | 36,00       | 61,00       | 89,00       | 80,00       | 26,00       | 37,00       | 68,00       | 61,00       | 49,00       | 66,00       | 23,00       | 42,00       | 48,00       | 46,00       | 64,00       | 99,00       | 48,00       | 56,00       | 103,00      | 20,00       | 81,00       | 81,00       | 94,00       | 50,00       | 77,00       | 55,00       | 78,00       | 8,00       
20                  | 82,00      | 99,00      | 24,00      | 32,00      | 87,00      | 66,00      | 67,00      | 83,00      | 113,00     | 19,00      | 70,00       | 101,00      | 96,00       | 53,00       | 66,00       | 38,00       | 38,00       | 11,00       | 50,00       | 20,00       | 79,00       | 47,00       | 105,00      | 37,00       | 16,00       | 11,00       | 96,00       | 55,00       | 28,00       | 48,00       | 92,00       | 72,00       | 67,00       | 67,00       | 45,00       | 48,00       | 54,00       | 90,00       | 92,00       | 85,00       | 15,00       | 78,00       | 54,00       | 76,00       | 32,00       | 60,00       | 17,00       | 69,00       | 61,00       | 91,00      
21                  | 67,00      | 89,00      | 46,00      | 87,00      | 93,00      | 100,00     | 70,00      | 117,00     | 86,00      | 49,00      | 110,00      | 86,00       | 88,00       | 39,00       | 88,00       | 57,00       | 51,00       | 59,00       | 18,00       | 47,00       | 45,00       | 73,00       | 85,00       | 61,00       | 75,00       | 55,00       | 74,00       | 49,00       | 62,00       | 18,00       | 89,00       | 91,00       | 45,00       | 10,00       | 51,00       | 52,00       | 16,00       | 122,00      | 88,00       | 90,00       | 81,00       | 58,00       | 91,00       | 103,00      | 87,00       | 7,00        | 62,00       | 4,00        | 93,00       | 59,00      
22                  | 68,00      | 81,00      | 30,00      | 12,00      | 66,00      | 41,00      | 50,00      | 58,00      | 99,00      | 38,00      | 46,00       | 85,00       | 79,00       | 48,00       | 43,00       | 26,00       | 30,00       | 35,00       | 57,00       | 31,00       | 73,00       | 26,00       | 90,00       | 22,00       | 10,00       | 28,00       | 83,00       | 46,00       | 15,00       | 60,00       | 73,00       | 50,00       | 60,00       | 73,00       | 35,00       | 37,00       | 68,00       | 65,00       | 73,00       | 64,00       | 28,00       | 67,00       | 29,00       | 52,00       | 12,00       | 68,00       | 14,00       | 79,00       | 37,00       | 82,00      
23                  | 29,00      | 51,00      | 37,00      | 67,00      | 53,00      | 66,00      | 31,00      | 82,00      | 55,00      | 52,00      | 77,00       | 50,00       | 49,00       | 9,00        | 52,00       | 30,00       | 26,00       | 61,00       | 28,00       | 43,00       | 18,00       | 42,00       | 51,00       | 34,00       | 61,00       | 52,00       | 40,00       | 13,00       | 41,00       | 39,00       | 50,00       | 53,00       | 7,00        | 31,00       | 21,00       | 20,00       | 45,00       | 86,00       | 49,00       | 51,00       | 75,00       | 21,00       | 60,00       | 67,00       | 67,00       | 34,00       | 48,00       | 43,00       | 60,00       | 31,00      
24                  | 19,00      | 27,00      | 75,00      | 95,00      | 45,00      | 77,00      | 40,00      | 87,00      | 16,00      | 91,00      | 89,00       | 21,00       | 28,00       | 47,00       | 61,00       | 61,00       | 60,00       | 99,00       | 65,00       | 81,00       | 25,00       | 64,00       | 17,00       | 64,00       | 94,00       | 89,00       | 8,00        | 42,00       | 72,00       | 76,00       | 35,00       | 58,00       | 32,00       | 60,00       | 53,00       | 50,00       | 81,00       | 89,00       | 33,00       | 44,00       | 110,00      | 20,00       | 78,00       | 72,00       | 95,00       | 67,00       | 83,00       | 73,00       | 73,00       | 11,00      
25                  | 55,00      | 77,00      | 41,00      | 81,00      | 81,00      | 90,00      | 59,00      | 107,00     | 75,00      | 48,00      | 100,00      | 75,00       | 76,00       | 28,00       | 78,00       | 48,00       | 42,00       | 58,00       | 14,00       | 44,00       | 34,00       | 64,00       | 74,00       | 52,00       | 70,00       | 52,00       | 63,00       | 38,00       | 55,00       | 21,00       | 78,00       | 80,00       | 33,00       | 4,00        | 41,00       | 42,00       | 22,00       | 112,00      | 76,00       | 79,00       | 79,00       | 46,00       | 82,00       | 93,00       | 81,00       | 8,00        | 57,00       | 16,00       | 83,00       | 48,00      
26                  | 55,00      | 76,00      | 52,00      | 91,00      | 83,00      | 97,00      | 62,00      | 113,00     | 70,00      | 60,00      | 108,00      | 73,00       | 75,00       | 35,00       | 83,00       | 57,00       | 51,00       | 70,00       | 26,00       | 56,00       | 31,00       | 71,00       | 71,00       | 61,00       | 81,00       | 64,00       | 60,00       | 44,00       | 64,00       | 32,00       | 78,00       | 85,00       | 35,00       | 9,00        | 49,00       | 49,00       | 32,00       | 118,00      | 77,00       | 81,00       | 90,00       | 46,00       | 90,00       | 98,00       | 91,00       | 18,00       | 68,00       | 19,00       | 90,00       | 43,00      
27                  | 63,00      | 67,00      | 57,00      | 29,00      | 46,00      | 9,00       | 42,00      | 25,00      | 90,00      | 69,00      | 13,00       | 72,00       | 64,00       | 61,00       | 21,00       | 40,00       | 46,00       | 68,00       | 79,00       | 60,00       | 78,00       | 24,00       | 79,00       | 36,00       | 43,00       | 60,00       | 76,00       | 53,00       | 38,00       | 85,00       | 57,00       | 27,00       | 66,00       | 92,00       | 47,00       | 46,00       | 93,00       | 32,00       | 57,00       | 45,00       | 58,00       | 66,00       | 6,00        | 22,00       | 30,00       | 90,00       | 45,00       | 101,00      | 9,00        | 82,00      
28                  | 38,00      | 39,00      | 58,00      | 50,00      | 19,00      | 21,00      | 20,00      | 33,00      | 63,00      | 75,00      | 33,00       | 45,00       | 37,00       | 48,00       | 6,00        | 36,00       | 41,00       | 77,00       | 71,00       | 64,00       | 58,00       | 23,00       | 52,00       | 35,00       | 58,00       | 67,00       | 50,00       | 38,00       | 42,00       | 80,00       | 29,00       | 4,00        | 48,00       | 80,00       | 38,00       | 36,00       | 88,00       | 37,00       | 30,00       | 18,00       | 75,00       | 43,00       | 25,00       | 17,00       | 51,00       | 81,00       | 53,00       | 91,00       | 18,00       | 58,00      
29                  | 55,00      | 77,00      | 26,00      | 67,00      | 77,00      | 79,00      | 53,00      | 97,00      | 80,00      | 34,00      | 89,00       | 76,00       | 75,00       | 22,00       | 69,00       | 36,00       | 30,00       | 44,00       | 3,00        | 29,00       | 39,00       | 52,00       | 77,00       | 40,00       | 55,00       | 37,00       | 66,00       | 32,00       | 41,00       | 13,00       | 75,00       | 72,00       | 33,00       | 19,00       | 31,00       | 33,00       | 20,00       | 103,00      | 74,00       | 74,00       | 64,00       | 47,00       | 70,00       | 84,00       | 66,00       | 14,00       | 42,00       | 25,00       | 73,00       | 54,00      
30                  | 62,00      | 63,00      | 64,00      | 38,00      | 41,00      | 3,00       | 42,00      | 17,00      | 87,00      | 77,00      | 9,00        | 69,00       | 60,00       | 64,00       | 19,00       | 45,00       | 52,00       | 77,00       | 84,00       | 68,00       | 80,00       | 29,00       | 76,00       | 42,00       | 51,00       | 68,00       | 74,00       | 56,00       | 45,00       | 91,00       | 52,00       | 23,00       | 68,00       | 96,00       | 51,00       | 50,00       | 100,00      | 23,00       | 53,00       | 41,00       | 67,00       | 66,00       | 13,00       | 14,00       | 39,00       | 95,00       | 53,00       | 106,00      | 9,00        | 82,00      
31                  | 70,00      | 92,00      | 34,00      | 75,00      | 92,00      | 93,00      | 68,00      | 111,00     | 94,00      | 33,00      | 102,00      | 91,00       | 91,00       | 37,00       | 83,00       | 50,00       | 43,00       | 43,00       | 13,00       | 33,00       | 52,00       | 66,00       | 91,00       | 52,00       | 61,00       | 40,00       | 80,00       | 47,00       | 52,00       | 4,00        | 91,00       | 87,00       | 48,00       | 22,00       | 46,00       | 48,00       | 5,00        | 117,00      | 90,00       | 90,00       | 66,00       | 62,00       | 83,00       | 98,00       | 75,00       | 13,00       | 50,00       | 18,00       | 86,00       | 67,00      
32                  | 61,00      | 74,00      | 28,00      | 17,00      | 59,00      | 38,00      | 43,00      | 55,00      | 92,00      | 39,00      | 44,00       | 78,00       | 72,00       | 42,00       | 37,00       | 20,00       | 24,00       | 38,00       | 53,00       | 30,00       | 67,00       | 19,00       | 83,00       | 16,00       | 17,00       | 30,00       | 76,00       | 39,00       | 10,00       | 57,00       | 66,00       | 44,00       | 53,00       | 69,00       | 29,00       | 31,00       | 66,00       | 62,00       | 66,00       | 58,00       | 34,00       | 60,00       | 26,00       | 47,00       | 17,00       | 65,00       | 14,00       | 76,00       | 33,00       | 76,00      
33                  | 72,00      | 83,00      | 38,00      | 4,00       | 66,00      | 37,00      | 53,00      | 53,00      | 103,00     | 46,00      | 39,00       | 88,00       | 81,00       | 55,00       | 42,00       | 33,00       | 37,00       | 42,00       | 66,00       | 40,00       | 80,00       | 28,00       | 93,00       | 29,00       | 15,00       | 36,00       | 87,00       | 52,00       | 23,00       | 68,00       | 75,00       | 49,00       | 66,00       | 81,00       | 42,00       | 43,00       | 76,00       | 60,00       | 75,00       | 65,00       | 30,00       | 72,00       | 25,00       | 49,00       | 4,00        | 77,00       | 22,00       | 88,00       | 34,00       | 88,00      
34                  | 5,00       | 22,00      | 65,00      | 82,00      | 34,00      | 64,00      | 26,00      | 75,00      | 26,00      | 81,00      | 76,00       | 19,00       | 21,00       | 38,00       | 48,00       | 49,00       | 49,00       | 89,00       | 59,00       | 71,00       | 24,00       | 51,00       | 20,00       | 52,00       | 81,00       | 79,00       | 10,00       | 31,00       | 60,00       | 70,00       | 25,00       | 45,00       | 24,00       | 58,00       | 41,00       | 38,00       | 76,00       | 77,00       | 24,00       | 33,00       | 98,00       | 10,00       | 64,00       | 59,00       | 82,00       | 64,00       | 71,00       | 71,00       | 60,00       | 17,00      
35                  | 16,00      | 32,00      | 67,00      | 89,00      | 47,00      | 75,00      | 36,00      | 86,00      | 26,00      | 82,00      | 87,00       | 27,00       | 32,00       | 38,00       | 59,00       | 54,00       | 52,00       | 91,00       | 56,00       | 73,00       | 16,00       | 59,00       | 25,00       | 57,00       | 87,00       | 81,00       | 14,00       | 35,00       | 65,00       | 67,00       | 37,00       | 57,00       | 23,00       | 51,00       | 46,00       | 43,00       | 72,00       | 89,00       | 36,00       | 45,00       | 102,00      | 13,00       | 74,00       | 71,00       | 89,00       | 58,00       | 75,00       | 64,00       | 70,00       | 4,00       
36                  | 11,00      | 32,00      | 58,00      | 80,00      | 42,00      | 67,00      | 28,00      | 80,00      | 33,00      | 74,00      | 79,00       | 29,00       | 31,00       | 30,00       | 51,00       | 45,00       | 43,00       | 82,00       | 49,00       | 64,00       | 14,00       | 50,00       | 29,00       | 48,00       | 77,00       | 72,00       | 18,00       | 25,00       | 56,00       | 60,00       | 35,00       | 50,00       | 15,00       | 47,00       | 36,00       | 34,00       | 66,00       | 83,00       | 33,00       | 40,00       | 93,00       | 4,00        | 65,00       | 64,00       | 80,00       | 53,00       | 66,00       | 61,00       | 62,00       | 12,00      
37                  | 89,00      | 104,00     | 37,00      | 24,00      | 89,00      | 62,00      | 72,00      | 77,00      | 120,00     | 34,00      | 64,00       | 107,00      | 101,00      | 64,00       | 66,00       | 45,00       | 47,00       | 25,00       | 64,00       | 34,00       | 90,00       | 48,00       | 111,00      | 42,00       | 13,00       | 26,00       | 104,00      | 64,00       | 34,00       | 63,00       | 96,00       | 72,00       | 77,00       | 82,00       | 53,00       | 56,00       | 70,00       | 84,00       | 96,00       | 87,00       | 5,00        | 87,00       | 50,00       | 73,00       | 23,00       | 75,00       | 24,00       | 84,00       | 59,00       | 101,00     
38                  | 58,00      | 68,00      | 39,00      | 19,00      | 50,00      | 25,00      | 38,00      | 43,00      | 88,00      | 51,00      | 31,00       | 72,00       | 65,00       | 47,00       | 27,00       | 24,00       | 30,00       | 51,00       | 62,00       | 42,00       | 68,00       | 13,00       | 78,00       | 20,00       | 27,00       | 42,00       | 73,00       | 41,00       | 20,00       | 68,00       | 59,00       | 33,00       | 55,00       | 76,00       | 32,00       | 33,00       | 76,00       | 49,00       | 59,00       | 49,00       | 44,00       | 59,00       | 13,00       | 35,00       | 20,00       | 74,00       | 27,00       | 85,00       | 20,00       | 75,00      
39                  | 35,00      | 53,00      | 28,00      | 44,00      | 44,00      | 44,00      | 21,00      | 61,00      | 67,00      | 45,00      | 55,00       | 55,00       | 50,00       | 18,00       | 33,00       | 8,00        | 10,00       | 51,00       | 39,00       | 34,00       | 40,00       | 18,00       | 58,00       | 12,00       | 41,00       | 40,00       | 50,00       | 12,00       | 20,00       | 48,00       | 47,00       | 36,00       | 26,00       | 50,00       | 5,00        | 4,00        | 56,00       | 66,00       | 46,00       | 42,00       | 57,00       | 33,00       | 36,00       | 48,00       | 44,00       | 50,00       | 31,00       | 60,00       | 37,00       | 48,00      
40                  | 43,00      | 65,00      | 46,00      | 82,00      | 71,00      | 85,00      | 50,00      | 101,00     | 62,00      | 56,00      | 96,00       | 63,00       | 64,00       | 24,00       | 72,00       | 47,00       | 41,00       | 66,00       | 23,00       | 50,00       | 21,00       | 60,00       | 61,00       | 50,00       | 73,00       | 59,00       | 50,00       | 32,00       | 55,00       | 32,00       | 67,00       | 73,00       | 23,00       | 14,00       | 38,00       | 38,00       | 35,00       | 106,00      | 65,00       | 69,00       | 84,00       | 35,00       | 78,00       | 86,00       | 82,00       | 21,00       | 60,00       | 27,00       | 79,00       | 35,00      
41                  | 40,00      | 60,00      | 58,00      | 92,00      | 70,00      | 89,00      | 52,00      | 104,00     | 52,00      | 69,00      | 101,00      | 56,00       | 59,00       | 32,00       | 75,00       | 55,00       | 50,00       | 79,00       | 36,00       | 62,00       | 15,00       | 67,00       | 53,00       | 59,00       | 84,00       | 71,00       | 43,00       | 37,00       | 65,00       | 45,00       | 63,00       | 75,00       | 24,00       | 25,00       | 46,00       | 45,00       | 48,00       | 108,00      | 62,00       | 68,00       | 96,00       | 31,00       | 85,00       | 89,00       | 92,00       | 34,00       | 71,00       | 37,00       | 84,00       | 26,00      
42                  | 47,00      | 70,00      | 33,00      | 71,00      | 72,00      | 79,00      | 49,00      | 96,00      | 71,00      | 43,00      | 90,00       | 68,00       | 68,00       | 18,00       | 67,00       | 38,00       | 32,00       | 53,00       | 11,00       | 37,00       | 30,00       | 53,00       | 68,00       | 41,00       | 61,00       | 46,00       | 57,00       | 28,00       | 45,00       | 22,00       | 69,00       | 69,00       | 25,00       | 15,00       | 31,00       | 31,00       | 27,00       | 101,00      | 68,00       | 69,00       | 71,00       | 39,00       | 71,00       | 82,00       | 71,00       | 16,00       | 48,00       | 26,00       | 73,00       | 44,00      
43                  | 87,00      | 101,00     | 38,00      | 19,00      | 85,00      | 57,00      | 69,00      | 72,00      | 118,00     | 37,00      | 58,00       | 104,00      | 98,00       | 63,00       | 62,00       | 44,00       | 46,00       | 30,00       | 66,00       | 36,00       | 89,00       | 45,00       | 109,00      | 40,00       | 11,00       | 29,00       | 102,00      | 63,00       | 32,00       | 66,00       | 93,00       | 68,00       | 77,00       | 83,00       | 52,00       | 55,00       | 73,00       | 79,00       | 92,00       | 84,00       | 10,00       | 85,00       | 46,00       | 69,00       | 18,00       | 77,00       | 23,00       | 86,00       | 54,00       | 100,00     
44                  | 60,00      | 81,00      | 12,00      | 54,00      | 76,00      | 72,00      | 52,00      | 90,00      | 88,00      | 21,00      | 81,00       | 81,00       | 78,00       | 25,00       | 64,00       | 29,00       | 23,00       | 30,00       | 16,00       | 14,00       | 49,00       | 45,00       | 83,00       | 31,00       | 41,00       | 23,00       | 72,00       | 33,00       | 30,00       | 18,00       | 77,00       | 68,00       | 40,00       | 33,00       | 28,00       | 30,00       | 26,00       | 96,00       | 76,00       | 74,00       | 49,00       | 53,00       | 62,00       | 78,00       | 54,00       | 27,00       | 29,00       | 37,00       | 66,00       | 63,00      
45                  | 11,00      | 19,00      | 61,00      | 70,00      | 21,00      | 49,00      | 14,00      | 60,00      | 37,00      | 78,00      | 61,00       | 21,00       | 16,00       | 38,00       | 33,00       | 42,00       | 43,00       | 84,00       | 62,00       | 67,00       | 35,00       | 39,00       | 26,00       | 44,00       | 73,00       | 74,00       | 22,00       | 29,00       | 52,00       | 73,00       | 16,00       | 30,00       | 29,00       | 65,00       | 36,00       | 33,00       | 80,00       | 62,00       | 14,00       | 19,00       | 90,00       | 18,00       | 50,00       | 44,00       | 71,00       | 69,00       | 64,00       | 78,00       | 45,00       | 31,00      
46                  | 82,00      | 96,00      | 36,00      | 14,00      | 80,00      | 52,00      | 64,00      | 67,00      | 113,00     | 38,00      | 54,00       | 99,00       | 93,00       | 59,00       | 56,00       | 39,00       | 42,00       | 31,00       | 64,00       | 35,00       | 85,00       | 40,00       | 104,00      | 36,00       | 7,00        | 28,00       | 97,00       | 59,00       | 28,00       | 65,00       | 87,00       | 63,00       | 72,00       | 81,00       | 48,00       | 50,00       | 72,00       | 74,00       | 87,00       | 78,00       | 15,00       | 80,00       | 40,00       | 64,00       | 13,00       | 75,00       | 20,00       | 85,00       | 49,00       | 96,00      
47                  | 37,00      | 60,00      | 35,00      | 69,00      | 62,00      | 72,00      | 39,00      | 88,00      | 62,00      | 48,00      | 83,00       | 58,00       | 58,00       | 10,00       | 59,00       | 33,00       | 28,00       | 57,00       | 20,00       | 40,00       | 22,00       | 47,00       | 58,00       | 37,00       | 61,00       | 49,00       | 48,00       | 19,00       | 42,00       | 31,00       | 59,00       | 61,00       | 15,00       | 23,00       | 25,00       | 25,00       | 37,00       | 93,00       | 58,00       | 60,00       | 73,00       | 29,00       | 65,00       | 74,00       | 69,00       | 26,00       | 48,00       | 35,00       | 66,00       | 36,00      
48                  | 43,00      | 60,00      | 21,00      | 39,00      | 51,00      | 46,00      | 29,00      | 64,00      | 74,00      | 38,00      | 56,00       | 62,00       | 58,00       | 20,00       | 37,00       | 3,00        | 4,00        | 43,00       | 36,00       | 27,00       | 45,00       | 19,00       | 66,00       | 7,00        | 35,00       | 33,00       | 57,00       | 17,00       | 13,00       | 43,00       | 54,00       | 41,00       | 31,00       | 49,00       | 7,00        | 9,00        | 52,00       | 70,00       | 54,00       | 49,00       | 50,00       | 40,00       | 37,00       | 51,00       | 40,00       | 47,00       | 23,00       | 58,00       | 40,00       | 54,00      
49                  | 8,00       | 21,00      | 68,00      | 84,00      | 35,00      | 66,00      | 29,00      | 77,00      | 23,00      | 84,00      | 78,00       | 17,00       | 21,00       | 40,00       | 50,00       | 52,00       | 51,00       | 91,00       | 61,00       | 74,00       | 25,00       | 53,00       | 17,00       | 54,00       | 84,00       | 81,00       | 7,00        | 34,00       | 63,00       | 72,00       | 26,00       | 47,00       | 26,00       | 59,00       | 44,00       | 41,00       | 78,00       | 79,00       | 24,00       | 34,00       | 100,00      | 12,00       | 66,00       | 61,00       | 85,00       | 65,00       | 74,00       | 73,00       | 62,00       | 16,00      
50                  | 44,00      | 66,00      | 44,00      | 81,00      | 72,00      | 85,00      | 50,00      | 101,00     | 63,00      | 55,00      | 96,00       | 63,00       | 65,00       | 23,00       | 71,00       | 46,00       | 40,00       | 65,00       | 21,00       | 48,00       | 22,00       | 59,00       | 62,00       | 50,00       | 72,00       | 57,00       | 51,00       | 31,00       | 54,00       | 31,00       | 67,00       | 72,00       | 23,00       | 13,00       | 37,00       | 37,00       | 34,00       | 105,00      | 66,00       | 69,00       | 83,00       | 35,00       | 78,00       | 86,00       | 81,00       | 20,00       | 59,00       | 27,00       | 78,00       | 36,00      
51                  | 50,00      | 72,00      | 43,00      | 81,00      | 77,00      | 87,00      | 55,00      | 104,00     | 69,00      | 51,00      | 98,00       | 69,00       | 71,00       | 26,00       | 75,00       | 47,00       | 41,00       | 62,00       | 17,00       | 46,00       | 28,00       | 62,00       | 68,00       | 51,00       | 71,00       | 55,00       | 57,00       | 35,00       | 54,00       | 26,00       | 72,00       | 76,00       | 28,00       | 8,00        | 39,00       | 40,00       | 28,00       | 109,00      | 71,00       | 74,00       | 81,00       | 41,00       | 80,00       | 90,00       | 81,00       | 14,00       | 58,00       | 21,00       | 81,00       | 42,00      
52                  | 69,00      | 91,00      | 26,00      | 68,00      | 89,00      | 87,00      | 65,00      | 105,00     | 95,00      | 25,00      | 95,00       | 90,00       | 89,00       | 35,00       | 78,00       | 44,00       | 38,00       | 36,00       | 13,00       | 25,00       | 54,00       | 60,00       | 91,00       | 46,00       | 53,00       | 32,00       | 80,00       | 45,00       | 45,00       | 5,00        | 89,00       | 82,00       | 48,00       | 27,00       | 41,00       | 44,00       | 12,00       | 111,00      | 87,00       | 87,00       | 58,00       | 62,00       | 76,00       | 93,00       | 67,00       | 19,00       | 42,00       | 26,00       | 80,00       | 68,00      
53                  | 67,00      | 89,00      | 51,00      | 92,00      | 94,00      | 103,00     | 72,00      | 120,00     | 85,00      | 54,00      | 113,00      | 87,00       | 88,00       | 42,00       | 91,00       | 61,00       | 55,00       | 64,00       | 23,00       | 52,00       | 45,00       | 77,00       | 85,00       | 64,00       | 80,00       | 60,00       | 74,00       | 52,00       | 66,00       | 24,00       | 90,00       | 93,00       | 46,00       | 10,00       | 54,00       | 55,00       | 20,00       | 125,00      | 89,00       | 92,00       | 86,00       | 59,00       | 95,00       | 106,00      | 92,00       | 11,00       | 67,00       | 4,00        | 97,00       | 58,00      
54                  | 22,00      | 38,00      | 66,00      | 91,00      | 52,00      | 79,00      | 40,00      | 91,00      | 30,00      | 81,00      | 91,00       | 34,00       | 38,00       | 37,00       | 63,00       | 55,00       | 53,00       | 89,00       | 52,00       | 72,00       | 12,00       | 61,00       | 31,00       | 59,00       | 87,00       | 80,00       | 20,00       | 35,00       | 66,00       | 63,00       | 43,00       | 61,00       | 22,00       | 46,00       | 46,00       | 44,00       | 67,00       | 94,00       | 42,00       | 51,00       | 102,00      | 16,00       | 77,00       | 76,00       | 91,00       | 53,00       | 75,00       | 59,00       | 74,00       | 3,00       
55                  | 63,00      | 81,00      | 6,00       | 36,00      | 71,00      | 59,00      | 49,00      | 77,00      | 93,00      | 18,00      | 66,00       | 83,00       | 78,00       | 33,00       | 54,00       | 21,00       | 19,00       | 22,00       | 34,00       | 8,00        | 59,00       | 34,00       | 86,00       | 21,00       | 23,00       | 12,00       | 77,00       | 36,00       | 15,00       | 36,00       | 75,00       | 60,00       | 47,00       | 51,00       | 26,00       | 29,00       | 44,00       | 83,00       | 74,00       | 69,00       | 34,00       | 58,00       | 47,00       | 67,00       | 35,00       | 46,00       | 10,00       | 56,00       | 53,00       | 71,00      
56                  | 59,00      | 67,00      | 46,00      | 22,00      | 48,00      | 18,00      | 39,00      | 35,00      | 89,00      | 59,00      | 24,00       | 72,00       | 64,00       | 52,00       | 23,00       | 30,00       | 36,00       | 58,00       | 69,00       | 50,00       | 72,00       | 16,00       | 78,00       | 26,00       | 33,00       | 49,00       | 73,00       | 45,00       | 27,00       | 75,00       | 57,00       | 30,00       | 59,00       | 82,00       | 38,00       | 38,00       | 83,00       | 42,00       | 57,00       | 47,00       | 49,00       | 61,00       | 6,00        | 29,00       | 23,00       | 80,00       | 34,00       | 91,00       | 14,00       | 77,00      
57                  | 23,00      | 9,00       | 75,00      | 79,00      | 13,00      | 51,00      | 26,00      | 56,00      | 35,00      | 92,00      | 61,00       | 16,00       | 7,00        | 53,00       | 36,00       | 54,00       | 57,00       | 98,00       | 77,00       | 81,00       | 48,00       | 48,00       | 23,00       | 56,00       | 83,00       | 87,00       | 26,00       | 44,00       | 64,00       | 88,00       | 1,00        | 30,00       | 44,00       | 80,00       | 50,00       | 47,00       | 95,00       | 57,00       | 1,00        | 13,00       | 101,00      | 32,00       | 55,00       | 42,00       | 79,00       | 84,00       | 76,00       | 93,00       | 48,00       | 41,00      
58                  | 44,00      | 57,00      | 33,00      | 32,00      | 42,00      | 31,00      | 25,00      | 49,00      | 75,00      | 49,00      | 41,00       | 60,00       | 54,00       | 33,00       | 24,00       | 12,00       | 18,00       | 51,00       | 51,00       | 38,00       | 53,00       | 4,00        | 65,00       | 10,00       | 34,00       | 41,00       | 59,00       | 26,00       | 16,00       | 58,00       | 49,00       | 29,00       | 40,00       | 64,00       | 18,00       | 18,00       | 67,00       | 55,00       | 48,00       | 41,00       | 51,00       | 44,00       | 22,00       | 37,00       | 33,00       | 62,00       | 27,00       | 73,00       | 25,00       | 60,00      
59                  | 67,00      | 90,00      | 48,00      | 89,00      | 94,00      | 101,00     | 71,00      | 118,00     | 86,00      | 51,00      | 112,00      | 87,00       | 88,00       | 40,00       | 90,00       | 59,00       | 52,00       | 61,00       | 20,00       | 49,00       | 45,00       | 75,00       | 86,00       | 62,00       | 77,00       | 57,00       | 75,00       | 50,00       | 64,00       | 20,00       | 90,00       | 92,00       | 46,00       | 10,00       | 53,00       | 54,00       | 17,00       | 124,00      | 89,00       | 91,00       | 83,00       | 59,00       | 93,00       | 105,00      | 89,00       | 9,00        | 64,00       | 3,00        | 95,00       | 59,00      
60                  | 28,00      | 40,00      | 44,00      | 49,00      | 28,00      | 34,00      | 8,00       | 49,00      | 58,00      | 61,00      | 46,00       | 43,00       | 37,00       | 30,00       | 20,00       | 22,00       | 26,00       | 65,00       | 54,00       | 50,00       | 43,00       | 17,00       | 48,00       | 23,00       | 51,00       | 55,00       | 43,00       | 21,00       | 31,00       | 63,00       | 32,00       | 21,00       | 31,00       | 62,00       | 21,00       | 18,00       | 71,00       | 54,00       | 32,00       | 26,00       | 68,00       | 30,00       | 31,00       | 34,00       | 49,00       | 63,00       | 43,00       | 74,00       | 28,00       | 46,00      
61                  | 27,00      | 46,00      | 60,00      | 89,00      | 58,00      | 81,00      | 42,00      | 95,00      | 39,00      | 74,00      | 93,00       | 42,00       | 46,00       | 32,00       | 66,00       | 52,00       | 49,00       | 83,00       | 44,00       | 66,00       | 5,00        | 61,00       | 40,00       | 56,00       | 84,00       | 75,00       | 29,00       | 33,00       | 63,00       | 55,00       | 50,00       | 65,00       | 19,00       | 37,00       | 43,00       | 41,00       | 59,00       | 98,00       | 49,00       | 56,00       | 98,00       | 19,00       | 78,00       | 79,00       | 89,00       | 45,00       | 72,00       | 50,00       | 76,00       | 12,00      
62                  | 96,00      | 111,00     | 42,00      | 31,00      | 96,00      | 69,00      | 79,00      | 84,00      | 127,00     | 36,00      | 70,00       | 114,00      | 108,00      | 70,00       | 73,00       | 52,00       | 53,00       | 26,00       | 68,00       | 38,00       | 96,00       | 56,00       | 119,00      | 50,00       | 21,00       | 30,00       | 111,00      | 71,00       | 41,00       | 66,00       | 103,00      | 80,00       | 84,00       | 86,00       | 60,00       | 63,00       | 72,00       | 91,00       | 103,00      | 95,00       | 4,00        | 93,00       | 58,00       | 81,00       | 30,00       | 79,00       | 30,00       | 87,00       | 66,00       | 108,00     
63                  | 71,00      | 92,00      | 17,00      | 57,00      | 87,00      | 80,00      | 63,00      | 98,00      | 99,00      | 13,00      | 87,00       | 92,00       | 90,00       | 36,00       | 73,00       | 38,00       | 33,00       | 24,00       | 22,00       | 14,00       | 59,00       | 54,00       | 94,00       | 40,00       | 42,00       | 20,00       | 83,00       | 44,00       | 36,00       | 17,00       | 88,00       | 78,00       | 51,00       | 38,00       | 38,00       | 41,00       | 24,00       | 104,00      | 87,00       | 84,00       | 46,00       | 64,00       | 69,00       | 87,00       | 56,00       | 30,00       | 32,00       | 38,00       | 74,00       | 73,00      
64                  | 73,00      | 75,00      | 66,00      | 33,00      | 53,00      | 15,00      | 53,00      | 21,00      | 100,00     | 78,00      | 7,00        | 81,00       | 73,00       | 72,00       | 31,00       | 51,00       | 57,00       | 75,00       | 90,00       | 70,00       | 90,00       | 35,00       | 88,00       | 47,00       | 48,00       | 68,00       | 86,00       | 64,00       | 47,00       | 95,00       | 65,00       | 35,00       | 77,00       | 103,00      | 58,00       | 58,00       | 104,00      | 28,00       | 65,00       | 53,00       | 62,00       | 77,00       | 17,00       | 25,00       | 34,00       | 101,00      | 53,00       | 112,00      | 19,00       | 93,00      
65                  | 23,00      | 12,00      | 73,00      | 76,00      | 11,00      | 48,00      | 24,00      | 54,00      | 37,00      | 90,00      | 59,00       | 18,00       | 9,00        | 52,00       | 33,00       | 52,00       | 55,00       | 95,00       | 76,00       | 79,00       | 48,00       | 45,00       | 25,00       | 53,00       | 81,00       | 85,00       | 27,00       | 42,00       | 61,00       | 86,00       | 2,00        | 28,00       | 43,00       | 79,00       | 48,00       | 45,00       | 94,00       | 55,00       | 2,00        | 10,00       | 98,00       | 31,00       | 52,00       | 40,00       | 77,00       | 83,00       | 73,00       | 92,00       | 45,00       | 41,00      
66                  | 25,00      | 45,00      | 57,00      | 85,00      | 55,00      | 78,00      | 39,00      | 91,00      | 40,00      | 71,00      | 90,00       | 41,00       | 44,00       | 28,00       | 62,00       | 48,00       | 45,00       | 80,00       | 42,00       | 62,00       | 1,00        | 57,00       | 40,00       | 52,00       | 80,00       | 71,00       | 29,00       | 29,00       | 59,00       | 52,00       | 48,00       | 61,00       | 15,00       | 36,00       | 39,00       | 37,00       | 57,00       | 95,00       | 47,00       | 53,00       | 94,00       | 16,00       | 74,00       | 76,00       | 85,00       | 43,00       | 68,00       | 49,00       | 72,00       | 13,00      
67                  | 37,00      | 59,00      | 31,00      | 64,00      | 60,00      | 68,00      | 36,00      | 84,00      | 63,00      | 45,00      | 79,00       | 58,00       | 57,00       | 6,00        | 55,00       | 28,00       | 23,00       | 54,00       | 20,00       | 36,00       | 25,00       | 42,00       | 59,00       | 32,00       | 56,00       | 45,00       | 49,00       | 16,00       | 37,00       | 31,00       | 57,00       | 57,00       | 16,00       | 26,00       | 20,00       | 20,00       | 38,00       | 89,00       | 56,00       | 57,00       | 69,00       | 29,00       | 61,00       | 70,00       | 64,00       | 28,00       | 43,00       | 38,00       | 61,00       | 38,00      
68                  | 63,00      | 78,00      | 21,00      | 22,00      | 65,00      | 46,00      | 46,00      | 63,00      | 94,00      | 31,00      | 52,00       | 81,00       | 75,00       | 40,00       | 44,00       | 19,00       | 22,00       | 30,00       | 48,00       | 23,00       | 65,00       | 24,00       | 85,00       | 16,00       | 14,00       | 22,00       | 78,00       | 39,00       | 8,00        | 51,00       | 71,00       | 50,00       | 52,00       | 64,00       | 28,00       | 30,00       | 59,00       | 70,00       | 70,00       | 63,00       | 30,00       | 61,00       | 34,00       | 55,00       | 21,00       | 59,00       | 6,00        | 70,00       | 40,00       | 75,00      
69                  | 30,00      | 52,00      | 47,00      | 78,00      | 59,00      | 76,00      | 39,00      | 91,00      | 51,00      | 60,00      | 87,00       | 50,00       | 51,00       | 19,00       | 61,00       | 41,00       | 37,00       | 69,00       | 31,00       | 52,00       | 10,00       | 52,00       | 49,00       | 45,00       | 72,00       | 61,00       | 38,00       | 23,00       | 51,00       | 41,00       | 54,00       | 62,00       | 11,00       | 27,00       | 32,00       | 31,00       | 46,00       | 95,00       | 52,00       | 57,00       | 85,00       | 22,00       | 70,00       | 76,00       | 78,00       | 33,00       | 59,00       | 40,00       | 70,00       | 24,00      
70                  | 39,00      | 44,00      | 52,00      | 44,00      | 26,00      | 20,00      | 19,00      | 35,00      | 67,00      | 68,00      | 32,00       | 49,00       | 41,00       | 44,00       | 6,00        | 30,00       | 35,00       | 70,00       | 66,00       | 57,00       | 57,00       | 16,00       | 55,00       | 29,00       | 51,00       | 60,00       | 52,00       | 34,00       | 35,00       | 75,00       | 35,00       | 10,00       | 45,00       | 76,00       | 32,00       | 30,00       | 83,00       | 40,00       | 35,00       | 24,00       | 68,00       | 43,00       | 20,00       | 21,00       | 44,00       | 76,00       | 46,00       | 87,00       | 15,00       | 59,00      
71                  | 59,00      | 57,00      | 69,00      | 46,00      | 35,00      | 8,00       | 41,00      | 12,00      | 83,00      | 84,00      | 14,00       | 64,00       | 55,00       | 66,00       | 17,00       | 49,00       | 55,00       | 83,00       | 88,00       | 74,00       | 79,00       | 33,00       | 71,00       | 47,00       | 59,00       | 75,00       | 70,00       | 57,00       | 51,00       | 95,00       | 47,00       | 19,00       | 68,00       | 98,00       | 54,00       | 52,00       | 104,00      | 18,00       | 48,00       | 35,00       | 75,00       | 65,00       | 20,00       | 6,00        | 47,00       | 98,00       | 59,00       | 109,00      | 13,00       | 80,00      
72                  | 46,00      | 63,00      | 18,00      | 38,00      | 54,00      | 47,00      | 32,00      | 65,00      | 77,00      | 35,00      | 57,00       | 65,00       | 61,00       | 21,00       | 39,00       | 4,00        | 3,00        | 40,00       | 35,00       | 24,00       | 47,00       | 21,00       | 69,00       | 7,00        | 32,00       | 29,00       | 60,00       | 20,00       | 11,00       | 42,00       | 57,00       | 44,00       | 34,00       | 49,00       | 9,00        | 12,00       | 50,00       | 71,00       | 57,00       | 52,00       | 47,00       | 42,00       | 38,00       | 53,00       | 38,00       | 47,00       | 21,00       | 57,00       | 41,00       | 57,00      
73                  | 21,00      | 10,00      | 73,00      | 77,00      | 13,00      | 50,00      | 24,00      | 56,00      | 35,00      | 90,00      | 61,00       | 16,00       | 8,00        | 51,00       | 35,00       | 52,00       | 55,00       | 96,00       | 76,00       | 79,00       | 46,00       | 47,00       | 23,00       | 54,00       | 82,00       | 85,00       | 25,00       | 42,00       | 62,00       | 86,00       | 2,00        | 30,00       | 42,00       | 78,00       | 49,00       | 45,00       | 93,00       | 57,00       | 1,00        | 12,00       | 99,00       | 30,00       | 54,00       | 42,00       | 78,00       | 82,00       | 74,00       | 91,00       | 47,00       | 40,00      
74                  | 32,00      | 30,00      | 63,00      | 59,00      | 10,00      | 30,00      | 18,00      | 38,00      | 55,00      | 80,00      | 41,00       | 36,00       | 28,00       | 49,00       | 15,00       | 41,00       | 46,00       | 83,00       | 73,00       | 69,00       | 54,00       | 30,00       | 43,00       | 41,00       | 66,00       | 73,00       | 42,00       | 39,00       | 49,00       | 82,00       | 20,00       | 9,00        | 45,00       | 80,00       | 41,00       | 38,00       | 90,00       | 41,00       | 21,00       | 9,00        | 83,00       | 38,00       | 34,00       | 23,00       | 60,00       | 82,00       | 60,00       | 92,00       | 27,00       | 53,00      
75                  | 46,00      | 62,00      | 23,00      | 34,00      | 50,00      | 41,00      | 30,00      | 59,00      | 77,00      | 39,00      | 50,00       | 64,00       | 59,00       | 26,00       | 34,00       | 3,00        | 9,00        | 43,00       | 42,00       | 28,00       | 50,00       | 14,00       | 68,00       | 1,00        | 30,00       | 32,00       | 61,00       | 22,00       | 9,00        | 48,00       | 55,00       | 39,00       | 37,00       | 55,00       | 12,00       | 14,00       | 57,00       | 65,00       | 54,00       | 49,00       | 47,00       | 44,00       | 31,00       | 47,00       | 34,00       | 53,00       | 21,00       | 64,00       | 35,00       | 59,00      
76                  | 41,00      | 63,00      | 36,00      | 72,00      | 66,00      | 76,00      | 43,00      | 93,00      | 64,00      | 48,00      | 87,00       | 61,00       | 61,00       | 14,00       | 63,00       | 37,00       | 31,00       | 58,00       | 18,00       | 41,00       | 23,00       | 51,00       | 61,00       | 41,00       | 63,00       | 50,00       | 50,00       | 23,00       | 45,00       | 29,00       | 63,00       | 65,00       | 18,00       | 18,00       | 28,00       | 29,00       | 34,00       | 98,00       | 61,00       | 64,00       | 75,00       | 32,00       | 69,00       | 78,00       | 72,00       | 22,00       | 50,00       | 31,00       | 70,00       | 37,00      
77                  | 31,00      | 32,00      | 59,00      | 56,00      | 14,00      | 29,00      | 15,00      | 39,00      | 56,00      | 76,00      | 40,00       | 38,00       | 30,00       | 45,00       | 13,00       | 37,00       | 42,00       | 79,00       | 69,00       | 65,00       | 52,00       | 27,00       | 44,00       | 37,00       | 62,00       | 69,00       | 42,00       | 35,00       | 45,00       | 79,00       | 23,00       | 9,00        | 43,00       | 77,00       | 37,00       | 34,00       | 87,00       | 42,00       | 23,00       | 13,00       | 79,00       | 37,00       | 32,00       | 24,00       | 56,00       | 78,00       | 56,00       | 89,00       | 25,00       | 52,00      
78                  | 44,00      | 62,00      | 19,00      | 40,00      | 53,00      | 48,00      | 30,00      | 66,00      | 75,00      | 36,00      | 58,00       | 64,00       | 59,00       | 19,00       | 39,00       | 5,00        | 1,00        | 41,00       | 34,00       | 25,00       | 44,00       | 21,00       | 67,00       | 9,00        | 34,00       | 31,00       | 58,00       | 18,00       | 14,00       | 41,00       | 56,00       | 44,00       | 31,00       | 48,00       | 7,00        | 10,00       | 50,00       | 72,00       | 55,00       | 51,00       | 50,00       | 40,00       | 39,00       | 54,00       | 40,00       | 45,00       | 23,00       | 56,00       | 42,00       | 55,00      
79                  | 26,00      | 8,00       | 79,00      | 82,00      | 15,00      | 53,00      | 30,00      | 58,00      | 34,00      | 97,00      | 64,00       | 15,00       | 7,00        | 57,00       | 39,00       | 59,00       | 61,00       | 102,00      | 81,00       | 86,00       | 50,00       | 52,00       | 22,00       | 60,00       | 87,00       | 91,00       | 26,00       | 48,00       | 68,00       | 92,00       | 4,00        | 33,00       | 47,00       | 83,00       | 55,00       | 51,00       | 99,00       | 58,00       | 5,00        | 15,00       | 105,00      | 35,00       | 58,00       | 44,00       | 83,00       | 88,00       | 80,00       | 96,00       | 51,00       | 43,00      
80                  | 44,00      | 34,00      | 78,00      | 68,00      | 13,00      | 32,00      | 33,00      | 32,00      | 60,00      | 94,00      | 40,00       | 41,00       | 32,00       | 64,00       | 24,00       | 56,00       | 61,00       | 97,00       | 89,00       | 84,00       | 68,00       | 43,00       | 48,00       | 55,00       | 77,00       | 87,00       | 50,00       | 54,00       | 62,00       | 98,00       | 24,00       | 17,00       | 60,00       | 95,00       | 56,00       | 53,00       | 106,00      | 32,00       | 25,00       | 15,00       | 94,00       | 52,00       | 41,00       | 21,00       | 69,00       | 97,00       | 73,00       | 107,00      | 32,00       | 64,00      
81                  | 46,00      | 67,00      | 55,00      | 91,00      | 76,00      | 92,00      | 56,00      | 108,00     | 60,00      | 65,00      | 104,00      | 63,00       | 66,00       | 32,00       | 78,00       | 55,00       | 50,00       | 75,00       | 31,00       | 59,00       | 21,00       | 68,00       | 61,00       | 59,00       | 82,00       | 68,00       | 50,00       | 39,00       | 64,00       | 39,00       | 70,00       | 79,00       | 28,00       | 17,00       | 47,00       | 46,00       | 41,00       | 112,00      | 68,00       | 74,00       | 93,00       | 37,00       | 86,00       | 93,00       | 91,00       | 26,00       | 69,00       | 29,00       | 86,00       | 34,00      
82                  | 29,00      | 19,00      | 90,00      | 103,00     | 42,00      | 79,00      | 47,00      | 85,00      | 8,00       | 107,00     | 90,00       | 13,00       | 22,00       | 63,00       | 64,00       | 73,00       | 73,00       | 114,00      | 83,00       | 96,00       | 44,00       | 72,00       | 6,00        | 75,00       | 105,00      | 103,00      | 16,00       | 56,00       | 84,00       | 94,00       | 30,00       | 59,00       | 49,00       | 79,00       | 66,00       | 63,00       | 99,00       | 85,00       | 29,00       | 41,00       | 122,00      | 35,00       | 82,00       | 71,00       | 104,00      | 86,00       | 95,00       | 92,00       | 76,00       | 30,00      
83                  | 82,00      | 93,00      | 44,00      | 6,00       | 75,00      | 44,00      | 63,00      | 58,00      | 113,00     | 48,00      | 44,00       | 98,00       | 91,00       | 64,00       | 51,00       | 42,00       | 46,00       | 42,00       | 72,00       | 44,00       | 89,00       | 38,00       | 103,00      | 38,00       | 16,00       | 39,00       | 97,00       | 61,00       | 31,00       | 74,00       | 84,00       | 58,00       | 76,00       | 88,00       | 51,00       | 53,00       | 81,00       | 65,00       | 84,00       | 74,00       | 25,00       | 82,00       | 33,00       | 56,00       | 6,00        | 84,00       | 28,00       | 94,00       | 42,00       | 98,00      
84                  | 28,00      | 27,00      | 63,00      | 61,00      | 9,00       | 34,00      | 16,00      | 42,00      | 51,00      | 80,00      | 45,00       | 33,00       | 24,00       | 47,00       | 18,00       | 41,00       | 45,00       | 84,00       | 71,00       | 69,00       | 51,00       | 32,00       | 39,00       | 41,00       | 67,00       | 74,00       | 38,00       | 37,00       | 49,00       | 81,00       | 17,00       | 13,00       | 42,00       | 77,00       | 40,00       | 37,00       | 89,00       | 45,00       | 17,00       | 7,00        | 85,00       | 35,00       | 37,00       | 27,00       | 62,00       | 80,00       | 61,00       | 90,00       | 30,00       | 49,00      
85                  | 14,00      | 33,00      | 47,00      | 63,00      | 33,00      | 51,00      | 12,00      | 65,00      | 45,00      | 64,00      | 63,00       | 34,00       | 31,00       | 23,00       | 35,00       | 30,00       | 30,00       | 71,00       | 47,00       | 53,00       | 26,00       | 33,00       | 37,00       | 33,00       | 62,00       | 60,00       | 29,00       | 14,00       | 41,00       | 58,00       | 30,00       | 35,00       | 16,00       | 51,00       | 23,00       | 20,00       | 65,00       | 68,00       | 29,00       | 31,00       | 79,00       | 13,00       | 48,00       | 49,00       | 64,00       | 55,00       | 52,00       | 64,00       | 45,00       | 30,00      
86                  | 17,00      | 38,00      | 57,00      | 82,00      | 48,00      | 72,00      | 33,00      | 85,00      | 35,00      | 73,00      | 84,00       | 34,00       | 37,00       | 28,00       | 56,00       | 46,00       | 44,00       | 81,00       | 46,00       | 63,00       | 8,00        | 53,00       | 33,00       | 50,00       | 79,00       | 72,00       | 22,00       | 26,00       | 57,00       | 57,00       | 40,00       | 55,00       | 13,00       | 43,00       | 37,00       | 35,00       | 62,00       | 88,00       | 39,00       | 46,00       | 93,00       | 9,00        | 69,00       | 69,00       | 82,00       | 49,00       | 67,00       | 56,00       | 66,00       | 11,00      
87                  | 25,00      | 46,00      | 36,00      | 59,00      | 45,00      | 56,00      | 22,00      | 71,00      | 55,00      | 52,00      | 67,00       | 46,00       | 44,00       | 10,00       | 42,00       | 23,00       | 21,00       | 60,00       | 34,00       | 42,00       | 25,00       | 32,00       | 48,00       | 27,00       | 55,00       | 50,00       | 39,00       | 3,00        | 34,00       | 45,00       | 43,00       | 43,00       | 11,00       | 40,00       | 14,00       | 12,00       | 52,00       | 76,00       | 42,00       | 43,00       | 70,00       | 20,00       | 50,00       | 57,00       | 59,00       | 43,00       | 43,00       | 52,00       | 49,00       | 34,00      
88                  | 58,00      | 77,00      | 4,00       | 39,00      | 68,00      | 58,00      | 46,00      | 76,00      | 88,00      | 21,00      | 66,00       | 78,00       | 74,00       | 28,00       | 52,00       | 18,00       | 15,00       | 26,00       | 31,00       | 10,00       | 54,00       | 32,00       | 81,00       | 19,00       | 27,00       | 16,00       | 72,00       | 31,00       | 15,00       | 34,00       | 71,00       | 57,00       | 42,00       | 47,00       | 22,00       | 25,00       | 42,00       | 82,00       | 71,00       | 66,00       | 38,00       | 54,00       | 47,00       | 65,00       | 38,00       | 42,00       | 14,00       | 52,00       | 52,00       | 66,00      
89                  | 62,00      | 59,00      | 72,00      | 48,00      | 36,00      | 10,00      | 43,00      | 9,00       | 84,00      | 86,00      | 13,00       | 65,00       | 56,00       | 69,00       | 20,00       | 52,00       | 58,00       | 86,00       | 91,00       | 76,00       | 82,00       | 36,00       | 72,00       | 50,00       | 61,00       | 77,00       | 72,00       | 60,00       | 53,00       | 98,00       | 48,00       | 21,00       | 71,00       | 101,00      | 57,00       | 55,00       | 107,00      | 15,00       | 49,00       | 37,00       | 77,00       | 67,00       | 22,00       | 7,00        | 49,00       | 101,00      | 62,00       | 112,00      | 16,00       | 82,00      
90                  | 16,00      | 19,00      | 62,00      | 68,00      | 16,00      | 45,00      | 13,00      | 54,00      | 40,00      | 79,00      | 56,00       | 23,00       | 17,00       | 41,00       | 29,00       | 41,00       | 44,00       | 84,00       | 65,00       | 68,00       | 40,00       | 37,00       | 29,00       | 43,00       | 71,00       | 74,00       | 26,00       | 31,00       | 51,00       | 76,00       | 13,00       | 25,00       | 33,00       | 69,00       | 37,00       | 34,00       | 83,00       | 57,00       | 12,00       | 13,00       | 89,00       | 24,00       | 47,00       | 39,00       | 69,00       | 73,00       | 63,00       | 82,00       | 41,00       | 37,00      
91                  | 56,00      | 78,00      | 52,00      | 92,00      | 85,00      | 98,00      | 64,00      | 114,00     | 72,00      | 59,00      | 109,00      | 75,00       | 77,00       | 36,00       | 85,00       | 58,00       | 52,00       | 70,00       | 25,00       | 55,00       | 33,00       | 72,00       | 73,00       | 61,00       | 81,00       | 64,00       | 62,00       | 45,00       | 65,00       | 31,00       | 80,00       | 86,00       | 36,00       | 8,00        | 50,00       | 50,00       | 31,00       | 119,00      | 78,00       | 83,00       | 90,00       | 47,00       | 90,00       | 99,00       | 91,00       | 17,00       | 68,00       | 17,00       | 91,00       | 45,00      
92                  | 52,00      | 51,00      | 65,00      | 47,00      | 29,00      | 10,00      | 34,00      | 19,00      | 76,00      | 80,00      | 20,00       | 57,00       | 48,00       | 60,00       | 11,00       | 44,00       | 50,00       | 81,00       | 82,00       | 70,00       | 72,00       | 29,00       | 64,00       | 42,00       | 58,00       | 72,00       | 63,00       | 51,00       | 47,00       | 90,00       | 40,00       | 12,00       | 61,00       | 92,00       | 48,00       | 47,00       | 99,00       | 23,00       | 41,00       | 29,00       | 75,00       | 57,00       | 20,00       | 4,00        | 48,00       | 93,00       | 57,00       | 103,00      | 11,00       | 73,00      
93                  | 26,00      | 44,00      | 36,00      | 53,00      | 38,00      | 47,00      | 15,00      | 62,00      | 57,00      | 54,00      | 58,00       | 45,00       | 41,00       | 17,00       | 33,00       | 18,00       | 19,00       | 60,00       | 41,00       | 43,00       | 32,00       | 24,00       | 49,00       | 21,00       | 51,00       | 49,00       | 40,00       | 7,00        | 30,00       | 51,00       | 39,00       | 35,00       | 19,00       | 49,00       | 12,00       | 9,00        | 59,00       | 67,00       | 38,00       | 36,00       | 67,00       | 23,00       | 41,00       | 48,00       | 53,00       | 50,00       | 40,00       | 60,00       | 40,00       | 39,00      
94                  | 52,00      | 54,00      | 59,00      | 40,00      | 32,00      | 7,00       | 32,00      | 23,00      | 78,00      | 74,00      | 19,00       | 60,00       | 51,00       | 56,00       | 9,00        | 39,00       | 45,00       | 74,00       | 77,00       | 64,00       | 70,00       | 22,00       | 66,00       | 36,00       | 51,00       | 65,00       | 64,00       | 47,00       | 40,00       | 85,00       | 43,00       | 14,00       | 59,00       | 88,00       | 43,00       | 42,00       | 93,00       | 28,00       | 44,00       | 32,00       | 68,00       | 56,00       | 13,00       | 11,00       | 41,00       | 88,00       | 50,00       | 98,00       | 4,00        | 72,00      
95                  | 75,00      | 97,00      | 28,00      | 68,00      | 94,00      | 90,00      | 70,00      | 108,00     | 101,00     | 22,00      | 98,00       | 97,00       | 95,00       | 41,00       | 82,00       | 47,00       | 42,00       | 32,00       | 20,00       | 25,00       | 61,00       | 63,00       | 97,00       | 49,00       | 53,00       | 31,00       | 87,00       | 50,00       | 47,00       | 11,00       | 94,00       | 87,00       | 54,00       | 33,00       | 46,00       | 49,00       | 14,00       | 114,00      | 93,00       | 92,00       | 55,00       | 68,00       | 79,00       | 96,00       | 67,00       | 24,00       | 42,00       | 30,00       | 83,00       | 75,00      
96                  | 72,00      | 94,00      | 26,00      | 67,00      | 91,00      | 88,00      | 67,00      | 106,00     | 98,00      | 23,00      | 96,00       | 93,00       | 92,00       | 38,00       | 80,00       | 45,00       | 39,00       | 33,00       | 17,00       | 25,00       | 57,00       | 61,00       | 94,00       | 47,00       | 53,00       | 31,00       | 84,00       | 47,00       | 45,00       | 8,00        | 91,00       | 84,00       | 51,00       | 31,00       | 43,00       | 46,00       | 13,00       | 112,00      | 90,00       | 89,00       | 56,00       | 65,00       | 77,00       | 94,00       | 67,00       | 22,00       | 42,00       | 28,00       | 82,00       | 72,00      
97                  | 71,00      | 93,00      | 45,00      | 87,00      | 96,00      | 101,00     | 73,00      | 119,00     | 91,00      | 46,00      | 111,00      | 91,00       | 92,00       | 42,00       | 91,00       | 58,00       | 52,00       | 56,00       | 19,00       | 46,00       | 50,00       | 75,00       | 90,00       | 62,00       | 74,00       | 53,00       | 79,00       | 52,00       | 62,00       | 16,00       | 93,00       | 93,00       | 49,00       | 15,00       | 53,00       | 55,00       | 11,00       | 124,00      | 92,00       | 94,00       | 79,00       | 62,00       | 92,00       | 105,00      | 87,00       | 9,00        | 62,00       | 5,00        | 95,00       | 64,00      
98                  | 27,00      | 47,00      | 58,00      | 87,00      | 58,00      | 80,00      | 41,00      | 94,00      | 41,00      | 72,00      | 92,00       | 43,00       | 46,00       | 29,00       | 65,00       | 50,00       | 47,00       | 81,00       | 42,00       | 63,00       | 3,00        | 59,00       | 41,00       | 54,00       | 81,00       | 72,00       | 30,00       | 31,00       | 61,00       | 52,00       | 50,00       | 64,00       | 16,00       | 35,00       | 41,00       | 39,00       | 56,00       | 97,00       | 49,00       | 56,00       | 95,00       | 19,00       | 76,00       | 78,00       | 87,00       | 42,00       | 69,00       | 48,00       | 74,00       | 14,00      
99                  | 61,00      | 68,00      | 46,00      | 21,00      | 49,00      | 19,00      | 40,00      | 36,00      | 90,00      | 58,00      | 24,00       | 73,00       | 65,00       | 53,00       | 24,00       | 30,00       | 37,00       | 57,00       | 69,00       | 49,00       | 73,00       | 17,00       | 79,00       | 27,00       | 32,00       | 49,00       | 75,00       | 46,00       | 27,00       | 75,00       | 59,00       | 31,00       | 60,00       | 83,00       | 38,00       | 39,00       | 83,00       | 43,00       | 59,00       | 48,00       | 48,00       | 62,00       | 7,00        | 30,00       | 22,00       | 81,00       | 34,00       | 91,00       | 15,00       | 79,00      
100                 | 27,00      | 33,00      | 53,00      | 54,00      | 19,00      | 32,00      | 8,00       | 45,00      | 55,00      | 70,00      | 44,00       | 38,00       | 30,00       | 38,00       | 16,00       | 31,00       | 35,00       | 74,00       | 62,00       | 59,00       | 46,00       | 23,00       | 44,00       | 32,00       | 58,00       | 64,00       | 40,00       | 28,00       | 40,00       | 72,00       | 25,00       | 15,00       | 36,00       | 69,00       | 30,00       | 27,00       | 80,00       | 48,00       | 24,00       | 17,00       | 76,00       | 32,00       | 32,00       | 29,00       | 54,00       | 71,00       | 51,00       | 81,00       | 27,00       | 47,00      
101                 | 71,00      | 85,00      | 26,00      | 17,00      | 71,00      | 48,00      | 53,00      | 65,00      | 102,00     | 32,00      | 52,00       | 88,00       | 82,00       | 47,00       | 49,00       | 27,00       | 30,00       | 29,00       | 54,00       | 26,00       | 73,00       | 30,00       | 93,00       | 24,00       | 6,00        | 22,00       | 86,00       | 47,00       | 16,00       | 55,00       | 77,00       | 55,00       | 60,00       | 70,00       | 36,00       | 38,00       | 63,00       | 72,00       | 77,00       | 69,00       | 23,00       | 69,00       | 36,00       | 58,00       | 16,00       | 65,00       | 9,00        | 75,00       | 43,00       | 84,00      
102                 | 41,00      | 61,00      | 22,00      | 54,00      | 58,00      | 61,00      | 34,00      | 78,00      | 69,00      | 38,00      | 71,00       | 62,00       | 59,00       | 7,00        | 50,00       | 19,00       | 13,00       | 46,00       | 22,00       | 28,00       | 34,00       | 34,00       | 64,00       | 23,00       | 46,00       | 36,00       | 54,00       | 14,00       | 27,00       | 31,00       | 58,00       | 53,00       | 22,00       | 34,00       | 12,00       | 14,00       | 39,00       | 83,00       | 57,00       | 56,00       | 59,00       | 34,00       | 52,00       | 64,00       | 54,00       | 33,00       | 33,00       | 43,00       | 54,00       | 46,00      
103                 | 41,00      | 62,00      | 22,00      | 55,00      | 59,00      | 62,00      | 35,00      | 79,00      | 70,00      | 37,00      | 72,00       | 62,00       | 60,00       | 7,00        | 51,00       | 20,00       | 14,00       | 45,00       | 21,00       | 28,00       | 33,00       | 36,00       | 64,00       | 24,00       | 47,00       | 36,00       | 54,00       | 15,00       | 28,00       | 30,00       | 59,00       | 54,00       | 22,00       | 32,00       | 13,00       | 15,00       | 38,00       | 85,00       | 58,00       | 57,00       | 60,00       | 35,00       | 54,00       | 66,00       | 55,00       | 31,00       | 34,00       | 42,00       | 56,00       | 46,00      
104                 | 9,00       | 30,00      | 59,00      | 80,00      | 40,00      | 66,00      | 27,00      | 78,00      | 32,00      | 75,00      | 78,00       | 27,00       | 29,00       | 31,00       | 50,00       | 45,00       | 44,00       | 83,00       | 51,00       | 65,00       | 16,00       | 49,00       | 27,00       | 48,00       | 78,00       | 73,00       | 16,00       | 26,00       | 56,00       | 62,00       | 33,00       | 48,00       | 16,00       | 49,00       | 37,00       | 34,00       | 68,00       | 81,00       | 31,00       | 38,00       | 93,00       | 4,00        | 64,00       | 63,00       | 80,00       | 55,00       | 67,00       | 63,00       | 61,00       | 13,00      
105                 | 66,00      | 88,00      | 23,00      | 64,00      | 85,00      | 83,00      | 62,00      | 101,00     | 92,00      | 24,00      | 92,00       | 87,00       | 86,00       | 32,00       | 75,00       | 40,00       | 34,00       | 34,00       | 12,00       | 23,00       | 52,00       | 56,00       | 88,00       | 43,00       | 51,00       | 30,00       | 78,00       | 41,00       | 41,00       | 7,00        | 85,00       | 79,00       | 45,00       | 28,00       | 38,00       | 40,00       | 15,00       | 107,00      | 84,00       | 83,00       | 56,00       | 59,00       | 73,00       | 89,00       | 64,00       | 20,00       | 39,00       | 28,00       | 77,00       | 66,00      
106                 | 51,00      | 41,00      | 80,00      | 66,00      | 20,00      | 29,00      | 38,00      | 26,00      | 67,00      | 96,00      | 35,00       | 48,00       | 39,00       | 69,00       | 24,00       | 58,00       | 64,00       | 98,00       | 93,00       | 86,00       | 74,00       | 44,00       | 55,00       | 57,00       | 77,00       | 88,00       | 57,00       | 59,00       | 63,00       | 102,00      | 31,00       | 19,00       | 66,00       | 100,00      | 60,00       | 57,00       | 110,00      | 25,00       | 32,00       | 22,00       | 94,00       | 58,00       | 39,00       | 17,00       | 67,00       | 102,00      | 74,00       | 112,00      | 30,00       | 71,00      
107                 | 74,00      | 70,00      | 80,00      | 51,00      | 48,00      | 18,00      | 55,00      | 5,00       | 96,00      | 93,00      | 11,00       | 77,00       | 68,00       | 80,00       | 32,00       | 62,00       | 68,00       | 92,00       | 101,00      | 84,00       | 94,00       | 45,00       | 84,00       | 59,00       | 66,00       | 84,00       | 84,00       | 71,00       | 61,00       | 108,00      | 60,00       | 33,00       | 82,00       | 112,00      | 67,00       | 66,00       | 116,00      | 10,00       | 61,00       | 48,00       | 80,00       | 79,00       | 29,00       | 19,00       | 52,00       | 112,00      | 68,00       | 122,00      | 25,00       | 94,00      
108                 | 18,00      | 36,00      | 63,00      | 87,00      | 49,00      | 75,00      | 36,00      | 88,00      | 31,00      | 78,00      | 87,00       | 32,00       | 36,00       | 34,00       | 59,00       | 51,00       | 49,00       | 87,00       | 51,00       | 69,00       | 11,00       | 57,00       | 30,00       | 55,00       | 84,00       | 77,00       | 19,00       | 32,00       | 63,00       | 62,00       | 40,00       | 57,00       | 19,00       | 46,00       | 43,00       | 40,00       | 67,00       | 90,00       | 39,00       | 47,00       | 99,00       | 12,00       | 73,00       | 72,00       | 87,00       | 53,00       | 72,00       | 59,00       | 70,00       | 5,00       
109                 | 43,00      | 57,00      | 28,00      | 35,00      | 45,00      | 37,00      | 25,00      | 55,00      | 74,00      | 44,00      | 47,00       | 60,00       | 55,00       | 27,00       | 29,00       | 6,00        | 12,00       | 48,00       | 45,00       | 33,00       | 49,00       | 11,00       | 65,00       | 5,00        | 34,00       | 37,00       | 57,00       | 21,00       | 13,00       | 52,00       | 50,00       | 34,00       | 36,00       | 57,00       | 12,00       | 13,00       | 60,00       | 61,00       | 50,00       | 44,00       | 51,00       | 41,00       | 29,00       | 43,00       | 35,00       | 56,00       | 25,00       | 67,00       | 31,00       | 57,00      
110                 | 33,00      | 47,00      | 36,00      | 43,00      | 36,00      | 36,00      | 15,00      | 53,00      | 64,00      | 53,00      | 48,00       | 50,00       | 44,00       | 26,00       | 24,00       | 14,00       | 18,00       | 57,00       | 48,00       | 42,00       | 43,00       | 13,00       | 54,00       | 15,00       | 44,00       | 47,00       | 48,00       | 17,00       | 24,00       | 56,00       | 40,00       | 27,00       | 30,00       | 58,00       | 14,00       | 12,00       | 65,00       | 58,00       | 40,00       | 34,00       | 61,00       | 33,00       | 30,00       | 39,00       | 44,00       | 58,00       | 35,00       | 69,00       | 30,00       | 49,00      
111                 | 48,00      | 67,00      | 13,00      | 43,00      | 60,00      | 55,00      | 37,00      | 73,00      | 78,00      | 30,00      | 65,00       | 69,00       | 65,00       | 18,00       | 47,00       | 12,00       | 6,00        | 36,00       | 28,00       | 19,00       | 45,00       | 28,00       | 72,00       | 15,00       | 34,00       | 26,00       | 62,00       | 21,00       | 16,00       | 34,00       | 63,00       | 51,00       | 33,00       | 42,00       | 12,00       | 15,00       | 42,00       | 79,00       | 62,00       | 58,00       | 48,00       | 44,00       | 45,00       | 61,00       | 43,00       | 39,00       | 22,00       | 50,00       | 49,00       | 57,00      
112                 | 27,00      | 35,00      | 50,00      | 52,00      | 22,00      | 32,00      | 7,00       | 46,00      | 56,00      | 67,00      | 44,00       | 40,00       | 33,00       | 36,00       | 16,00       | 28,00       | 32,00       | 71,00       | 60,00       | 56,00       | 45,00       | 21,00       | 45,00       | 29,00       | 56,00       | 61,00       | 41,00       | 26,00       | 37,00       | 69,00       | 27,00       | 16,00       | 34,00       | 67,00       | 27,00       | 24,00       | 77,00       | 50,00       | 27,00       | 20,00       | 73,00       | 31,00       | 31,00       | 30,00       | 52,00       | 69,00       | 48,00       | 79,00       | 27,00       | 47,00      
113                 | 36,00      | 57,00      | 55,00      | 88,00      | 66,00      | 85,00      | 48,00      | 100,00     | 51,00      | 67,00      | 97,00       | 53,00       | 56,00       | 28,00       | 71,00       | 51,00       | 47,00       | 76,00       | 34,00       | 59,00       | 12,00       | 63,00       | 51,00       | 55,00       | 81,00       | 68,00       | 41,00       | 33,00       | 61,00       | 44,00       | 60,00       | 71,00       | 20,00       | 25,00       | 42,00       | 41,00       | 47,00       | 104,00      | 59,00       | 64,00       | 93,00       | 28,00       | 80,00       | 85,00       | 88,00       | 33,00       | 68,00       | 38,00       | 79,00       | 24,00      
114                 | 68,00      | 73,00      | 53,00      | 21,00      | 53,00      | 18,00      | 47,00      | 32,00      | 96,00      | 64,00      | 19,00       | 79,00       | 71,00       | 61,00       | 28,00       | 39,00       | 45,00       | 62,00       | 77,00       | 56,00       | 81,00       | 25,00       | 85,00       | 35,00       | 35,00       | 54,00       | 81,00       | 54,00       | 34,00       | 82,00       | 64,00       | 35,00       | 68,00       | 91,00       | 47,00       | 47,00       | 91,00       | 39,00       | 64,00       | 52,00       | 50,00       | 70,00       | 9,00        | 30,00       | 22,00       | 89,00       | 39,00       | 99,00       | 17,00       | 86,00      
