
--- TABLA 11: RESULTADOS GVNS (AJUSTE Y RESULTADOS) ---
Instancia | kmax | Ejec. | |Jopen| | C. Fijo  | C. Asig. | C. Total | Incomp. | CPU_Time (s)
----------+------+-------+---------+----------+----------+----------+---------+-------------
wlp03.dzn | 2    | 1     | 75      | 43090,00 | 25481,00 | 68571,00 | 0       | 6,07        
wlp03.dzn | 2    | 2     | 75      | 43530,00 | 24876,00 | 68406,00 | 0       | 13,46       
wlp03.dzn | 2    | 3     | 75      | 43360,00 | 24231,00 | 67591,00 | 0       | 11,11       
wlp03.dzn | 3    | 1     | 75      | 42080,00 | 24820,00 | 66900,00 | 0       | 9,59        
wlp03.dzn | 3    | 2     | 75      | 42700,00 | 24909,00 | 67609,00 | 0       | 9,30        
wlp03.dzn | 3    | 3     | 74      | 42790,00 | 24809,00 | 67599,00 | 0       | 11,23       
Promedio  | -    | -     | 74,83   | 42925,00 | 24854,33 | 67779,33 | 0,00    | 10,13       
