
--- TABLA 11: RESULTADOS GVNS (AJUSTE Y RESULTADOS) ---
Instancia | kmax | Ejec. | |Jopen| | C. Fijo  | C. Asig. | C. Total  | Incomp. | CPU_Time (s)
----------+------+-------+---------+----------+----------+-----------+---------+-------------
wlp05.dzn | 2    | 1     | 136     | 74660,00 | 37335,00 | 111995,00 | 0       | 151,50      
wlp05.dzn | 2    | 2     | 133     | 75600,00 | 36217,00 | 111817,00 | 0       | 89,49       
wlp05.dzn | 2    | 3     | 135     | 75190,00 | 36959,00 | 112149,00 | 0       | 101,28      
wlp05.dzn | 3    | 1     | 133     | 74860,00 | 36546,00 | 111406,00 | 0       | 105,43      
wlp05.dzn | 3    | 2     | 132     | 76400,00 | 35750,00 | 112150,00 | 0       | 102,38      
wlp05.dzn | 3    | 3     | 134     | 73810,00 | 37642,00 | 111452,00 | 0       | 81,04       
Promedio  | -    | -     | 133,83  | 75086,67 | 36741,50 | 111828,17 | 0,00    | 105,19      
