
--- TABLA 1: PARÁMETROS DE LA INSTANCIA ---
Instalaciones (Facilities)
ID  | Coste Fijo (fj) | Capacidad (sj)
----+-----------------+---------------
0   | 680,00          | 60,00         
1   | 760,00          | 60,00         
2   | 770,00          | 90,00         
3   | 660,00          | 70,00         
4   | 560,00          | 70,00         
5   | 1120,00         | 90,00         
6   | 280,00          | 30,00         
7   | 440,00          | 50,00         
8   | 840,00          | 80,00         
9   | 930,00          | 90,00         
10  | 570,00          | 60,00         
11  | 680,00          | 70,00         
12  | 480,00          | 50,00         
13  | 290,00          | 30,00         
14  | 360,00          | 50,00         
15  | 1150,00         | 100,00        
16  | 780,00          | 80,00         
17  | 690,00          | 60,00         
18  | 340,00          | 40,00         
19  | 1300,00         | 100,00        
20  | 480,00          | 40,00         
21  | 410,00          | 50,00         
22  | 1110,00         | 90,00         
23  | 800,00          | 70,00         
24  | 520,00          | 50,00         
25  | 290,00          | 40,00         
26  | 780,00          | 100,00        
27  | 560,00          | 60,00         
28  | 500,00          | 70,00         
29  | 530,00          | 70,00         
30  | 870,00          | 70,00         
31  | 270,00          | 30,00         
32  | 560,00          | 60,00         
33  | 1150,00         | 100,00        
34  | 460,00          | 50,00         
35  | 720,00          | 60,00         
36  | 1100,00         | 100,00        
37  | 1130,00         | 90,00         
38  | 440,00          | 40,00         
39  | 550,00          | 60,00         
40  | 640,00          | 70,00         
41  | 820,00          | 80,00         
42  | 900,00          | 70,00         
43  | 440,00          | 50,00         
44  | 400,00          | 50,00         
45  | 610,00          | 80,00         
46  | 740,00          | 60,00         
47  | 750,00          | 100,00        
48  | 510,00          | 60,00         
49  | 370,00          | 50,00         
50  | 680,00          | 80,00         
51  | 280,00          | 40,00         
52  | 700,00          | 90,00         
53  | 210,00          | 30,00         
54  | 570,00          | 50,00         
55  | 820,00          | 90,00         
56  | 210,00          | 30,00         
57  | 490,00          | 60,00         
58  | 600,00          | 70,00         
59  | 420,00          | 40,00         
60  | 540,00          | 70,00         
61  | 870,00          | 100,00        
62  | 350,00          | 30,00         
63  | 830,00          | 100,00        
64  | 330,00          | 40,00         
65  | 540,00          | 70,00         
66  | 370,00          | 50,00         
67  | 530,00          | 70,00         
68  | 740,00          | 100,00        
69  | 280,00          | 30,00         
70  | 620,00          | 80,00         
71  | 1030,00         | 90,00         
72  | 340,00          | 30,00         
73  | 520,00          | 60,00         
74  | 520,00          | 40,00         
75  | 360,00          | 50,00         
76  | 670,00          | 80,00         
77  | 530,00          | 70,00         
78  | 290,00          | 40,00         
79  | 940,00          | 80,00         
80  | 680,00          | 60,00         
81  | 470,00          | 40,00         
82  | 880,00          | 90,00         
83  | 850,00          | 70,00         
84  | 760,00          | 100,00        
85  | 530,00          | 70,00         
86  | 840,00          | 90,00         
87  | 510,00          | 40,00         
88  | 480,00          | 50,00         
89  | 1120,00         | 100,00        
90  | 1070,00         | 90,00         
91  | 740,00          | 60,00         
92  | 720,00          | 90,00         
93  | 700,00          | 60,00         
94  | 760,00          | 60,00         
95  | 350,00          | 30,00         
96  | 420,00          | 40,00         
97  | 1300,00         | 100,00        
98  | 450,00          | 50,00         
99  | 380,00          | 30,00         
100 | 890,00          | 70,00         
101 | 1080,00         | 90,00         
102 | 1230,00         | 100,00        
103 | 320,00          | 30,00         
104 | 490,00          | 40,00         
105 | 820,00          | 80,00         
106 | 950,00          | 100,00        
107 | 340,00          | 40,00         
108 | 860,00          | 70,00         
109 | 330,00          | 30,00         
110 | 1130,00         | 90,00         
111 | 640,00          | 60,00         
112 | 1100,00         | 90,00         
113 | 510,00          | 50,00         
114 | 1030,00         | 90,00         
115 | 560,00          | 80,00         
116 | 430,00          | 40,00         
117 | 260,00          | 30,00         
118 | 840,00          | 80,00         
119 | 240,00          | 30,00         
120 | 610,00          | 50,00         
121 | 1120,00         | 90,00         
122 | 330,00          | 40,00         
123 | 650,00          | 60,00         
124 | 1100,00         | 100,00        
125 | 850,00          | 100,00        
126 | 1000,00         | 80,00         
127 | 300,00          | 30,00         
128 | 820,00          | 80,00         
129 | 820,00          | 70,00         
130 | 320,00          | 40,00         
131 | 1050,00         | 100,00        
132 | 1070,00         | 90,00         
133 | 680,00          | 70,00         
134 | 330,00          | 30,00         
135 | 610,00          | 60,00         
136 | 360,00          | 40,00         
137 | 560,00          | 80,00         
138 | 440,00          | 40,00         
139 | 520,00          | 40,00         
140 | 910,00          | 70,00         
141 | 340,00          | 40,00         
142 | 650,00          | 50,00         
143 | 660,00          | 60,00         
144 | 410,00          | 40,00         
145 | 490,00          | 60,00         
146 | 280,00          | 30,00         
147 | 350,00          | 50,00         
148 | 580,00          | 60,00         
149 | 750,00          | 60,00         
150 | 380,00          | 40,00         
151 | 840,00          | 90,00         
152 | 480,00          | 40,00         
153 | 770,00          | 100,00        
154 | 350,00          | 40,00         
155 | 690,00          | 70,00         
156 | 440,00          | 60,00         
157 | 530,00          | 50,00         
158 | 530,00          | 60,00         
159 | 750,00          | 60,00         
160 | 860,00          | 80,00         
161 | 490,00          | 70,00         
162 | 390,00          | 30,00         
163 | 530,00          | 70,00         
164 | 580,00          | 70,00         
165 | 650,00          | 60,00         
166 | 670,00          | 60,00         
167 | 430,00          | 40,00         
168 | 530,00          | 60,00         
169 | 650,00          | 60,00         
170 | 660,00          | 70,00         
171 | 490,00          | 40,00         
172 | 390,00          | 30,00         
173 | 620,00          | 60,00         
174 | 670,00          | 70,00         
175 | 670,00          | 80,00         
176 | 620,00          | 70,00         
177 | 970,00          | 80,00         
178 | 900,00          | 100,00        
179 | 380,00          | 50,00         
180 | 560,00          | 70,00         
181 | 270,00          | 30,00         
182 | 360,00          | 30,00         
183 | 560,00          | 50,00         
184 | 950,00          | 100,00        
185 | 950,00          | 90,00         
186 | 750,00          | 60,00         
187 | 330,00          | 30,00         
188 | 420,00          | 50,00         
189 | 510,00          | 70,00         
190 | 900,00          | 100,00        
191 | 440,00          | 40,00         
192 | 550,00          | 50,00         
193 | 1070,00         | 90,00         
194 | 490,00          | 60,00         
195 | 380,00          | 30,00         
196 | 750,00          | 70,00         
197 | 210,00          | 30,00         
198 | 640,00          | 50,00         
199 | 450,00          | 40,00         
200 | 1080,00         | 90,00         
201 | 1030,00         | 80,00         
202 | 1260,00         | 100,00        
203 | 920,00          | 90,00         
204 | 440,00          | 50,00         
205 | 460,00          | 50,00         
206 | 580,00          | 60,00         
207 | 520,00          | 60,00         
208 | 1160,00         | 100,00        
209 | 610,00          | 50,00         
210 | 360,00          | 40,00         
211 | 770,00          | 100,00        
212 | 850,00          | 80,00         
213 | 280,00          | 40,00         
214 | 1040,00         | 90,00         
215 | 620,00          | 80,00         
216 | 580,00          | 60,00         
217 | 400,00          | 50,00         
218 | 810,00          | 70,00         
219 | 440,00          | 60,00         
220 | 230,00          | 30,00         
221 | 960,00          | 80,00         
222 | 490,00          | 50,00         
223 | 560,00          | 50,00         
224 | 940,00          | 80,00         
225 | 600,00          | 50,00         
226 | 590,00          | 50,00         
227 | 300,00          | 40,00         
228 | 470,00          | 60,00         
229 | 450,00          | 60,00         
230 | 830,00          | 70,00         
231 | 600,00          | 70,00         
232 | 580,00          | 60,00         
233 | 540,00          | 50,00         
234 | 720,00          | 60,00         
235 | 520,00          | 40,00         
236 | 410,00          | 50,00         
237 | 550,00          | 70,00         
238 | 370,00          | 50,00         
239 | 770,00          | 80,00         
240 | 640,00          | 50,00         
241 | 550,00          | 60,00         
242 | 340,00          | 30,00         
243 | 1150,00         | 90,00         
244 | 1090,00         | 100,00        
245 | 980,00          | 80,00         
246 | 630,00          | 50,00         
247 | 580,00          | 50,00         
248 | 630,00          | 70,00         
249 | 1140,00         | 90,00         
250 | 870,00          | 80,00         
251 | 270,00          | 30,00         
252 | 1020,00         | 90,00         
253 | 750,00          | 80,00         
254 | 880,00          | 90,00         
255 | 620,00          | 70,00         
256 | 420,00          | 40,00         
257 | 840,00          | 80,00         
258 | 720,00          | 100,00        
259 | 660,00          | 60,00         
260 | 270,00          | 30,00         
261 | 1000,00         | 90,00         
262 | 210,00          | 30,00         
263 | 510,00          | 70,00         
264 | 980,00          | 100,00        
265 | 700,00          | 60,00         
266 | 1140,00         | 90,00         
267 | 690,00          | 80,00         
268 | 500,00          | 50,00         
269 | 480,00          | 60,00         
270 | 450,00          | 50,00         
271 | 860,00          | 70,00         
272 | 780,00          | 70,00         
273 | 350,00          | 30,00         
274 | 800,00          | 70,00         
275 | 1020,00         | 90,00         
276 | 780,00          | 70,00         
277 | 610,00          | 50,00         
278 | 360,00          | 40,00         
279 | 1160,00         | 100,00        
280 | 520,00          | 60,00         
281 | 730,00          | 100,00        
282 | 640,00          | 60,00         
283 | 1300,00         | 100,00        
284 | 790,00          | 90,00         
285 | 350,00          | 30,00         
286 | 700,00          | 80,00         
287 | 750,00          | 60,00         
288 | 550,00          | 50,00         
289 | 770,00          | 70,00         
290 | 930,00          | 80,00         
291 | 890,00          | 100,00        
292 | 360,00          | 30,00         
293 | 1150,00         | 90,00         
294 | 770,00          | 70,00         
295 | 710,00          | 60,00         
296 | 300,00          | 30,00         
297 | 750,00          | 90,00         
298 | 1290,00         | 100,00        
299 | 870,00          | 90,00         
300 | 540,00          | 50,00         
301 | 820,00          | 100,00        
302 | 360,00          | 40,00         
303 | 930,00          | 90,00         
304 | 530,00          | 60,00         
305 | 800,00          | 70,00         
306 | 440,00          | 40,00         
307 | 600,00          | 80,00         
308 | 1020,00         | 90,00         
309 | 840,00          | 80,00         
310 | 380,00          | 30,00         
311 | 820,00          | 70,00         
312 | 680,00          | 80,00         
313 | 280,00          | 40,00         
314 | 360,00          | 50,00         
315 | 540,00          | 70,00         
316 | 860,00          | 100,00        
317 | 640,00          | 90,00         
318 | 840,00          | 70,00         
319 | 790,00          | 90,00         
320 | 600,00          | 80,00         
321 | 570,00          | 70,00         
322 | 550,00          | 60,00         
323 | 400,00          | 40,00         
324 | 380,00          | 30,00         
325 | 820,00          | 80,00         
326 | 520,00          | 60,00         
327 | 1250,00         | 100,00        
328 | 690,00          | 90,00         
329 | 680,00          | 60,00         
330 | 960,00          | 100,00        
331 | 610,00          | 60,00         
332 | 730,00          | 90,00         
333 | 730,00          | 60,00         
334 | 690,00          | 70,00         
335 | 430,00          | 40,00         
336 | 650,00          | 50,00         
337 | 860,00          | 100,00        
338 | 270,00          | 30,00         
339 | 570,00          | 80,00         
340 | 1020,00         | 80,00         
341 | 980,00          | 80,00         
342 | 550,00          | 70,00         
343 | 1000,00         | 100,00        
344 | 240,00          | 30,00         
345 | 710,00          | 60,00         
346 | 1110,00         | 100,00        
347 | 420,00          | 50,00         
348 | 320,00          | 30,00         
349 | 1000,00         | 90,00         
350 | 660,00          | 60,00         
351 | 830,00          | 70,00         
352 | 380,00          | 50,00         
353 | 500,00          | 40,00         
354 | 1050,00         | 90,00         
355 | 770,00          | 70,00         
356 | 420,00          | 50,00         
357 | 980,00          | 80,00         
358 | 940,00          | 100,00        
359 | 760,00          | 100,00        
360 | 540,00          | 60,00         
361 | 870,00          | 80,00         
362 | 860,00          | 100,00        
363 | 560,00          | 60,00         
364 | 800,00          | 70,00         
365 | 1100,00         | 90,00         
366 | 1270,00         | 100,00        
367 | 550,00          | 50,00         
368 | 440,00          | 60,00         
369 | 380,00          | 50,00         
370 | 780,00          | 70,00         
371 | 290,00          | 30,00         
372 | 520,00          | 40,00         
373 | 680,00          | 60,00         
374 | 540,00          | 50,00         
375 | 480,00          | 60,00         
376 | 1000,00         | 100,00        
377 | 300,00          | 30,00         
378 | 280,00          | 30,00         
379 | 330,00          | 30,00         
380 | 670,00          | 90,00         
381 | 940,00          | 90,00         
382 | 760,00          | 80,00         
383 | 400,00          | 40,00         
384 | 480,00          | 60,00         
385 | 340,00          | 40,00         
386 | 740,00          | 80,00         
387 | 970,00          | 100,00        
388 | 540,00          | 50,00         
389 | 900,00          | 100,00        
390 | 590,00          | 60,00         
391 | 300,00          | 30,00         
392 | 390,00          | 40,00         
393 | 390,00          | 30,00         
394 | 410,00          | 50,00         
395 | 1010,00         | 100,00        
396 | 590,00          | 80,00         
397 | 560,00          | 80,00         
398 | 330,00          | 30,00         
399 | 410,00          | 50,00         

Clientes (Customers)
ID   | Demanda (di) | Incompatibilidad
-----+--------------+-----------------
0    | 12,00        | -               
1    | 9,00         | -               
2    | 5,00         | -               
3    | 5,00         | -               
4    | 9,00         | -               
5    | 7,00         | -               
6    | 5,00         | -               
7    | 18,00        | -               
8    | 18,00        | -               
9    | 17,00        | -               
10   | 10,00        | -               
11   | 13,00        | -               
12   | 19,00        | -               
13   | 18,00        | -               
14   | 7,00         | -               
15   | 13,00        | -               
16   | 18,00        | -               
17   | 11,00        | -               
18   | 18,00        | -               
19   | 17,00        | -               
20   | 13,00        | -               
21   | 13,00        | -               
22   | 6,00         | -               
23   | 18,00        | -               
24   | 7,00         | -               
25   | 11,00        | -               
26   | 15,00        | -               
27   | 19,00        | -               
28   | 20,00        | -               
29   | 12,00        | -               
30   | 12,00        | -               
31   | 16,00        | -               
32   | 8,00         | -               
33   | 9,00         | -               
34   | 13,00        | -               
35   | 19,00        | -               
36   | 16,00        | -               
37   | 6,00         | -               
38   | 12,00        | -               
39   | 18,00        | -               
40   | 5,00         | -               
41   | 8,00         | -               
42   | 5,00         | -               
43   | 15,00        | -               
44   | 14,00        | -               
45   | 6,00         | -               
46   | 9,00         | -               
47   | 17,00        | -               
48   | 12,00        | -               
49   | 10,00        | -               
50   | 11,00        | -               
51   | 19,00        | -               
52   | 9,00         | -               
53   | 9,00         | -               
54   | 11,00        | -               
55   | 15,00        | -               
56   | 16,00        | -               
57   | 14,00        | -               
58   | 5,00         | -               
59   | 12,00        | -               
60   | 14,00        | -               
61   | 12,00        | -               
62   | 15,00        | -               
63   | 19,00        | -               
64   | 8,00         | -               
65   | 11,00        | -               
66   | 16,00        | -               
67   | 13,00        | -               
68   | 17,00        | -               
69   | 8,00         | -               
70   | 13,00        | -               
71   | 7,00         | -               
72   | 7,00         | -               
73   | 15,00        | -               
74   | 16,00        | -               
75   | 17,00        | -               
76   | 11,00        | -               
77   | 13,00        | -               
78   | 20,00        | -               
79   | 6,00         | -               
80   | 16,00        | -               
81   | 6,00         | -               
82   | 10,00        | -               
83   | 12,00        | -               
84   | 9,00         | -               
85   | 5,00         | -               
86   | 16,00        | -               
87   | 14,00        | -               
88   | 19,00        | -               
89   | 9,00         | -               
90   | 11,00        | -               
91   | 20,00        | -               
92   | 10,00        | -               
93   | 7,00         | -               
94   | 10,00        | -               
95   | 5,00         | -               
96   | 16,00        | -               
97   | 15,00        | -               
98   | 16,00        | -               
99   | 8,00         | -               
100  | 15,00        | -               
101  | 6,00         | -               
102  | 11,00        | -               
103  | 14,00        | -               
104  | 18,00        | -               
105  | 6,00         | -               
106  | 16,00        | -               
107  | 18,00        | -               
108  | 14,00        | -               
109  | 9,00         | -               
110  | 19,00        | -               
111  | 5,00         | -               
112  | 16,00        | -               
113  | 13,00        | -               
114  | 18,00        | -               
115  | 13,00        | -               
116  | 9,00         | -               
117  | 20,00        | -               
118  | 20,00        | -               
119  | 12,00        | -               
120  | 20,00        | -               
121  | 13,00        | -               
122  | 15,00        | -               
123  | 13,00        | -               
124  | 9,00         | -               
125  | 12,00        | -               
126  | 9,00         | -               
127  | 18,00        | -               
128  | 19,00        | -               
129  | 10,00        | -               
130  | 18,00        | -               
131  | 13,00        | -               
132  | 7,00         | -               
133  | 10,00        | -               
134  | 20,00        | -               
135  | 7,00         | -               
136  | 16,00        | -               
137  | 15,00        | -               
138  | 17,00        | -               
139  | 16,00        | -               
140  | 12,00        | -               
141  | 7,00         | -               
142  | 12,00        | -               
143  | 12,00        | -               
144  | 11,00        | -               
145  | 17,00        | -               
146  | 6,00         | -               
147  | 13,00        | -               
148  | 14,00        | -               
149  | 18,00        | -               
150  | 19,00        | -               
151  | 16,00        | -               
152  | 10,00        | -               
153  | 13,00        | -               
154  | 13,00        | -               
155  | 6,00         | -               
156  | 5,00         | -               
157  | 11,00        | -               
158  | 10,00        | -               
159  | 15,00        | -               
160  | 12,00        | -               
161  | 8,00         | -               
162  | 20,00        | -               
163  | 9,00         | -               
164  | 6,00         | -               
165  | 14,00        | -               
166  | 13,00        | -               
167  | 10,00        | -               
168  | 9,00         | -               
169  | 16,00        | -               
170  | 17,00        | -               
171  | 17,00        | -               
172  | 8,00         | -               
173  | 20,00        | -               
174  | 14,00        | -               
175  | 6,00         | -               
176  | 11,00        | -               
177  | 20,00        | -               
178  | 17,00        | -               
179  | 7,00         | -               
180  | 7,00         | -               
181  | 15,00        | -               
182  | 15,00        | -               
183  | 10,00        | -               
184  | 20,00        | -               
185  | 9,00         | -               
186  | 14,00        | -               
187  | 5,00         | -               
188  | 18,00        | -               
189  | 10,00        | -               
190  | 9,00         | -               
191  | 18,00        | -               
192  | 13,00        | -               
193  | 11,00        | -               
194  | 7,00         | -               
195  | 11,00        | -               
196  | 6,00         | -               
197  | 8,00         | -               
198  | 10,00        | -               
199  | 16,00        | -               
200  | 17,00        | -               
201  | 14,00        | -               
202  | 11,00        | -               
203  | 15,00        | -               
204  | 5,00         | -               
205  | 16,00        | -               
206  | 6,00         | -               
207  | 6,00         | -               
208  | 10,00        | -               
209  | 17,00        | -               
210  | 10,00        | -               
211  | 17,00        | -               
212  | 12,00        | -               
213  | 12,00        | -               
214  | 18,00        | -               
215  | 16,00        | -               
216  | 9,00         | -               
217  | 7,00         | -               
218  | 18,00        | -               
219  | 15,00        | -               
220  | 16,00        | -               
221  | 5,00         | -               
222  | 14,00        | -               
223  | 11,00        | -               
224  | 16,00        | -               
225  | 13,00        | -               
226  | 14,00        | -               
227  | 14,00        | -               
228  | 15,00        | -               
229  | 14,00        | -               
230  | 6,00         | -               
231  | 6,00         | -               
232  | 8,00         | -               
233  | 15,00        | -               
234  | 15,00        | -               
235  | 20,00        | -               
236  | 13,00        | -               
237  | 12,00        | -               
238  | 10,00        | -               
239  | 10,00        | -               
240  | 16,00        | -               
241  | 9,00         | -               
242  | 15,00        | -               
243  | 18,00        | -               
244  | 14,00        | -               
245  | 11,00        | -               
246  | 20,00        | -               
247  | 5,00         | -               
248  | 11,00        | -               
249  | 5,00         | -               
250  | 15,00        | -               
251  | 12,00        | -               
252  | 7,00         | -               
253  | 13,00        | -               
254  | 12,00        | -               
255  | 10,00        | -               
256  | 13,00        | -               
257  | 9,00         | -               
258  | 7,00         | -               
259  | 19,00        | -               
260  | 12,00        | -               
261  | 20,00        | -               
262  | 13,00        | -               
263  | 13,00        | -               
264  | 18,00        | -               
265  | 18,00        | -               
266  | 7,00         | -               
267  | 12,00        | -               
268  | 11,00        | -               
269  | 19,00        | -               
270  | 13,00        | -               
271  | 6,00         | -               
272  | 17,00        | -               
273  | 9,00         | -               
274  | 19,00        | -               
275  | 12,00        | -               
276  | 15,00        | -               
277  | 13,00        | -               
278  | 20,00        | -               
279  | 11,00        | -               
280  | 9,00         | -               
281  | 17,00        | -               
282  | 20,00        | -               
283  | 19,00        | -               
284  | 20,00        | -               
285  | 18,00        | -               
286  | 17,00        | -               
287  | 18,00        | -               
288  | 19,00        | -               
289  | 14,00        | -               
290  | 9,00         | -               
291  | 18,00        | -               
292  | 15,00        | -               
293  | 17,00        | -               
294  | 14,00        | -               
295  | 9,00         | -               
296  | 15,00        | -               
297  | 16,00        | -               
298  | 16,00        | -               
299  | 16,00        | -               
300  | 6,00         | -               
301  | 18,00        | -               
302  | 8,00         | -               
303  | 8,00         | -               
304  | 17,00        | -               
305  | 8,00         | -               
306  | 8,00         | -               
307  | 5,00         | -               
308  | 15,00        | -               
309  | 11,00        | -               
310  | 18,00        | -               
311  | 8,00         | -               
312  | 15,00        | -               
313  | 12,00        | -               
314  | 19,00        | -               
315  | 7,00         | -               
316  | 5,00         | -               
317  | 13,00        | -               
318  | 14,00        | -               
319  | 10,00        | -               
320  | 8,00         | -               
321  | 15,00        | -               
322  | 13,00        | -               
323  | 14,00        | -               
324  | 10,00        | -               
325  | 6,00         | -               
326  | 20,00        | -               
327  | 13,00        | -               
328  | 17,00        | -               
329  | 20,00        | -               
330  | 20,00        | -               
331  | 17,00        | -               
332  | 9,00         | -               
333  | 6,00         | -               
334  | 6,00         | -               
335  | 14,00        | -               
336  | 6,00         | -               
337  | 12,00        | -               
338  | 16,00        | -               
339  | 9,00         | -               
340  | 9,00         | -               
341  | 19,00        | -               
342  | 15,00        | -               
343  | 5,00         | -               
344  | 8,00         | -               
345  | 16,00        | -               
346  | 18,00        | -               
347  | 13,00        | -               
348  | 20,00        | -               
349  | 6,00         | -               
350  | 9,00         | -               
351  | 13,00        | -               
352  | 20,00        | -               
353  | 10,00        | -               
354  | 14,00        | -               
355  | 19,00        | -               
356  | 17,00        | -               
357  | 6,00         | -               
358  | 19,00        | -               
359  | 11,00        | -               
360  | 11,00        | -               
361  | 5,00         | -               
362  | 5,00         | -               
363  | 15,00        | -               
364  | 9,00         | -               
365  | 16,00        | -               
366  | 16,00        | -               
367  | 13,00        | -               
368  | 5,00         | -               
369  | 13,00        | -               
370  | 19,00        | -               
371  | 18,00        | -               
372  | 15,00        | -               
373  | 18,00        | -               
374  | 19,00        | -               
375  | 5,00         | -               
376  | 18,00        | -               
377  | 6,00         | -               
378  | 14,00        | -               
379  | 5,00         | -               
380  | 12,00        | -               
381  | 16,00        | -               
382  | 17,00        | -               
383  | 11,00        | -               
384  | 18,00        | -               
385  | 17,00        | -               
386  | 19,00        | -               
387  | 18,00        | -               
388  | 15,00        | -               
389  | 10,00        | -               
390  | 17,00        | -               
391  | 6,00         | -               
392  | 20,00        | -               
393  | 14,00        | -               
394  | 5,00         | -               
395  | 12,00        | -               
396  | 14,00        | -               
397  | 8,00         | -               
398  | 19,00        | -               
399  | 8,00         | -               
400  | 11,00        | -               
401  | 5,00         | -               
402  | 17,00        | -               
403  | 16,00        | -               
404  | 6,00         | -               
405  | 7,00         | -               
406  | 11,00        | -               
407  | 10,00        | -               
408  | 17,00        | -               
409  | 16,00        | -               
410  | 11,00        | -               
411  | 13,00        | -               
412  | 8,00         | -               
413  | 14,00        | -               
414  | 14,00        | -               
415  | 20,00        | -               
416  | 11,00        | -               
417  | 13,00        | -               
418  | 17,00        | -               
419  | 13,00        | -               
420  | 13,00        | -               
421  | 20,00        | -               
422  | 19,00        | -               
423  | 18,00        | -               
424  | 14,00        | -               
425  | 15,00        | -               
426  | 11,00        | -               
427  | 6,00         | -               
428  | 14,00        | -               
429  | 11,00        | -               
430  | 18,00        | -               
431  | 19,00        | -               
432  | 9,00         | -               
433  | 9,00         | -               
434  | 18,00        | -               
435  | 12,00        | -               
436  | 10,00        | -               
437  | 13,00        | -               
438  | 10,00        | -               
439  | 6,00         | -               
440  | 5,00         | -               
441  | 11,00        | -               
442  | 13,00        | -               
443  | 16,00        | -               
444  | 13,00        | -               
445  | 14,00        | -               
446  | 7,00         | -               
447  | 13,00        | -               
448  | 7,00         | -               
449  | 20,00        | -               
450  | 12,00        | -               
451  | 14,00        | -               
452  | 13,00        | -               
453  | 18,00        | -               
454  | 8,00         | -               
455  | 12,00        | -               
456  | 13,00        | -               
457  | 7,00         | -               
458  | 15,00        | -               
459  | 12,00        | -               
460  | 5,00         | -               
461  | 10,00        | -               
462  | 19,00        | -               
463  | 8,00         | -               
464  | 9,00         | -               
465  | 14,00        | -               
466  | 6,00         | -               
467  | 18,00        | -               
468  | 20,00        | -               
469  | 19,00        | -               
470  | 19,00        | -               
471  | 10,00        | -               
472  | 20,00        | -               
473  | 6,00         | -               
474  | 6,00         | -               
475  | 10,00        | -               
476  | 15,00        | -               
477  | 10,00        | -               
478  | 13,00        | -               
479  | 10,00        | -               
480  | 5,00         | -               
481  | 5,00         | -               
482  | 16,00        | -               
483  | 10,00        | -               
484  | 6,00         | -               
485  | 12,00        | -               
486  | 16,00        | -               
487  | 9,00         | -               
488  | 17,00        | -               
489  | 7,00         | -               
490  | 9,00         | -               
491  | 13,00        | -               
492  | 12,00        | -               
493  | 9,00         | -               
494  | 17,00        | -               
495  | 9,00         | -               
496  | 17,00        | -               
497  | 15,00        | -               
498  | 13,00        | -               
499  | 8,00         | -               
500  | 19,00        | -               
501  | 17,00        | -               
502  | 18,00        | -               
503  | 19,00        | -               
504  | 16,00        | -               
505  | 10,00        | -               
506  | 9,00         | -               
507  | 6,00         | -               
508  | 17,00        | -               
509  | 8,00         | -               
510  | 15,00        | -               
511  | 17,00        | -               
512  | 7,00         | -               
513  | 16,00        | -               
514  | 19,00        | -               
515  | 14,00        | -               
516  | 19,00        | -               
517  | 7,00         | -               
518  | 19,00        | -               
519  | 5,00         | -               
520  | 16,00        | -               
521  | 12,00        | -               
522  | 10,00        | -               
523  | 7,00         | -               
524  | 11,00        | -               
525  | 5,00         | -               
526  | 5,00         | -               
527  | 13,00        | -               
528  | 13,00        | -               
529  | 7,00         | -               
530  | 15,00        | -               
531  | 20,00        | -               
532  | 12,00        | -               
533  | 13,00        | -               
534  | 20,00        | -               
535  | 15,00        | -               
536  | 18,00        | -               
537  | 20,00        | -               
538  | 19,00        | -               
539  | 18,00        | -               
540  | 7,00         | -               
541  | 14,00        | -               
542  | 12,00        | -               
543  | 12,00        | -               
544  | 5,00         | -               
545  | 14,00        | -               
546  | 8,00         | -               
547  | 20,00        | -               
548  | 7,00         | -               
549  | 15,00        | -               
550  | 20,00        | -               
551  | 10,00        | -               
552  | 6,00         | -               
553  | 9,00         | -               
554  | 11,00        | -               
555  | 19,00        | -               
556  | 6,00         | -               
557  | 9,00         | -               
558  | 19,00        | -               
559  | 14,00        | -               
560  | 13,00        | -               
561  | 19,00        | -               
562  | 8,00         | -               
563  | 12,00        | -               
564  | 17,00        | -               
565  | 7,00         | -               
566  | 12,00        | -               
567  | 8,00         | -               
568  | 14,00        | -               
569  | 15,00        | -               
570  | 15,00        | -               
571  | 18,00        | -               
572  | 17,00        | -               
573  | 11,00        | -               
574  | 8,00         | -               
575  | 18,00        | -               
576  | 20,00        | -               
577  | 17,00        | -               
578  | 16,00        | -               
579  | 14,00        | -               
580  | 7,00         | -               
581  | 9,00         | -               
582  | 9,00         | -               
583  | 16,00        | -               
584  | 9,00         | -               
585  | 7,00         | -               
586  | 8,00         | -               
587  | 9,00         | -               
588  | 18,00        | -               
589  | 16,00        | -               
590  | 16,00        | -               
591  | 10,00        | -               
592  | 11,00        | -               
593  | 18,00        | -               
594  | 8,00         | -               
595  | 17,00        | -               
596  | 10,00        | -               
597  | 5,00         | -               
598  | 20,00        | -               
599  | 9,00         | -               
600  | 10,00        | -               
601  | 13,00        | -               
602  | 12,00        | -               
603  | 20,00        | -               
604  | 8,00         | -               
605  | 10,00        | -               
606  | 19,00        | -               
607  | 13,00        | -               
608  | 20,00        | -               
609  | 17,00        | -               
610  | 10,00        | -               
611  | 18,00        | -               
612  | 18,00        | -               
613  | 17,00        | -               
614  | 16,00        | -               
615  | 13,00        | -               
616  | 15,00        | -               
617  | 17,00        | -               
618  | 18,00        | -               
619  | 8,00         | -               
620  | 18,00        | -               
621  | 19,00        | -               
622  | 11,00        | -               
623  | 7,00         | -               
624  | 19,00        | -               
625  | 18,00        | -               
626  | 15,00        | -               
627  | 18,00        | -               
628  | 5,00         | -               
629  | 19,00        | -               
630  | 19,00        | -               
631  | 14,00        | -               
632  | 17,00        | -               
633  | 10,00        | -               
634  | 8,00         | -               
635  | 20,00        | -               
636  | 5,00         | -               
637  | 17,00        | -               
638  | 6,00         | -               
639  | 9,00         | -               
640  | 13,00        | -               
641  | 14,00        | -               
642  | 18,00        | -               
643  | 8,00         | -               
644  | 10,00        | -               
645  | 5,00         | -               
646  | 17,00        | -               
647  | 7,00         | -               
648  | 6,00         | -               
649  | 16,00        | -               
650  | 17,00        | -               
651  | 8,00         | -               
652  | 20,00        | -               
653  | 8,00         | -               
654  | 20,00        | -               
655  | 10,00        | -               
656  | 7,00         | -               
657  | 20,00        | -               
658  | 12,00        | -               
659  | 12,00        | -               
660  | 15,00        | -               
661  | 8,00         | -               
662  | 6,00         | -               
663  | 20,00        | -               
664  | 7,00         | -               
665  | 16,00        | -               
666  | 7,00         | -               
667  | 12,00        | -               
668  | 6,00         | -               
669  | 13,00        | -               
670  | 17,00        | -               
671  | 15,00        | -               
672  | 12,00        | -               
673  | 9,00         | -               
674  | 14,00        | -               
675  | 16,00        | -               
676  | 15,00        | -               
677  | 11,00        | -               
678  | 17,00        | -               
679  | 13,00        | -               
680  | 11,00        | -               
681  | 8,00         | -               
682  | 9,00         | -               
683  | 19,00        | -               
684  | 17,00        | -               
685  | 13,00        | -               
686  | 18,00        | -               
687  | 7,00         | -               
688  | 20,00        | -               
689  | 15,00        | -               
690  | 6,00         | -               
691  | 5,00         | -               
692  | 15,00        | -               
693  | 17,00        | -               
694  | 8,00         | -               
695  | 10,00        | -               
696  | 5,00         | -               
697  | 11,00        | -               
698  | 10,00        | -               
699  | 9,00         | -               
700  | 12,00        | -               
701  | 17,00        | -               
702  | 19,00        | -               
703  | 18,00        | -               
704  | 6,00         | -               
705  | 10,00        | -               
706  | 20,00        | -               
707  | 14,00        | -               
708  | 15,00        | -               
709  | 15,00        | -               
710  | 9,00         | -               
711  | 13,00        | -               
712  | 10,00        | -               
713  | 7,00         | -               
714  | 8,00         | -               
715  | 15,00        | -               
716  | 11,00        | -               
717  | 8,00         | -               
718  | 20,00        | -               
719  | 9,00         | -               
720  | 20,00        | -               
721  | 8,00         | -               
722  | 14,00        | -               
723  | 20,00        | -               
724  | 12,00        | -               
725  | 20,00        | -               
726  | 17,00        | -               
727  | 6,00         | -               
728  | 13,00        | -               
729  | 19,00        | -               
730  | 7,00         | -               
731  | 5,00         | -               
732  | 13,00        | -               
733  | 5,00         | -               
734  | 9,00         | -               
735  | 7,00         | -               
736  | 16,00        | -               
737  | 17,00        | -               
738  | 17,00        | -               
739  | 17,00        | -               
740  | 6,00         | -               
741  | 6,00         | -               
742  | 12,00        | -               
743  | 8,00         | -               
744  | 20,00        | -               
745  | 10,00        | -               
746  | 14,00        | -               
747  | 17,00        | -               
748  | 18,00        | -               
749  | 15,00        | -               
750  | 7,00         | -               
751  | 5,00         | -               
752  | 20,00        | -               
753  | 13,00        | -               
754  | 15,00        | -               
755  | 6,00         | -               
756  | 11,00        | -               
757  | 8,00         | -               
758  | 19,00        | -               
759  | 16,00        | -               
760  | 16,00        | -               
761  | 6,00         | -               
762  | 20,00        | -               
763  | 8,00         | -               
764  | 15,00        | -               
765  | 12,00        | -               
766  | 13,00        | -               
767  | 15,00        | -               
768  | 6,00         | -               
769  | 10,00        | -               
770  | 11,00        | -               
771  | 7,00         | -               
772  | 9,00         | -               
773  | 9,00         | -               
774  | 11,00        | -               
775  | 15,00        | -               
776  | 9,00         | -               
777  | 15,00        | -               
778  | 13,00        | -               
779  | 6,00         | -               
780  | 16,00        | -               
781  | 12,00        | -               
782  | 20,00        | -               
783  | 9,00         | -               
784  | 13,00        | -               
785  | 18,00        | -               
786  | 6,00         | -               
787  | 8,00         | -               
788  | 19,00        | -               
789  | 20,00        | -               
790  | 7,00         | -               
791  | 17,00        | -               
792  | 11,00        | -               
793  | 18,00        | -               
794  | 18,00        | -               
795  | 13,00        | -               
796  | 18,00        | -               
797  | 20,00        | -               
798  | 13,00        | -               
799  | 9,00         | -               
800  | 14,00        | -               
801  | 17,00        | -               
802  | 11,00        | -               
803  | 12,00        | -               
804  | 10,00        | -               
805  | 13,00        | -               
806  | 11,00        | -               
807  | 8,00         | -               
808  | 19,00        | -               
809  | 17,00        | -               
810  | 19,00        | -               
811  | 15,00        | -               
812  | 20,00        | -               
813  | 9,00         | -               
814  | 6,00         | -               
815  | 19,00        | -               
816  | 12,00        | -               
817  | 11,00        | -               
818  | 11,00        | -               
819  | 15,00        | -               
820  | 7,00         | -               
821  | 8,00         | -               
822  | 9,00         | -               
823  | 10,00        | -               
824  | 12,00        | -               
825  | 19,00        | -               
826  | 8,00         | -               
827  | 12,00        | -               
828  | 16,00        | -               
829  | 20,00        | -               
830  | 16,00        | -               
831  | 16,00        | -               
832  | 12,00        | -               
833  | 17,00        | -               
834  | 7,00         | -               
835  | 9,00         | -               
836  | 18,00        | -               
837  | 12,00        | -               
838  | 10,00        | -               
839  | 20,00        | -               
840  | 8,00         | -               
841  | 16,00        | -               
842  | 18,00        | -               
843  | 18,00        | -               
844  | 14,00        | -               
845  | 13,00        | -               
846  | 11,00        | -               
847  | 14,00        | -               
848  | 13,00        | -               
849  | 16,00        | -               
850  | 20,00        | -               
851  | 13,00        | -               
852  | 17,00        | -               
853  | 15,00        | -               
854  | 13,00        | -               
855  | 18,00        | -               
856  | 7,00         | -               
857  | 16,00        | -               
858  | 20,00        | -               
859  | 7,00         | -               
860  | 11,00        | -               
861  | 14,00        | -               
862  | 14,00        | -               
863  | 18,00        | -               
864  | 9,00         | -               
865  | 15,00        | -               
866  | 14,00        | -               
867  | 6,00         | -               
868  | 18,00        | -               
869  | 12,00        | -               
870  | 16,00        | -               
871  | 11,00        | -               
872  | 10,00        | -               
873  | 7,00         | -               
874  | 16,00        | -               
875  | 13,00        | -               
876  | 19,00        | -               
877  | 16,00        | -               
878  | 20,00        | -               
879  | 9,00         | -               
880  | 6,00         | -               
881  | 12,00        | -               
882  | 19,00        | -               
883  | 12,00        | -               
884  | 12,00        | -               
885  | 14,00        | -               
886  | 20,00        | -               
887  | 10,00        | -               
888  | 20,00        | -               
889  | 13,00        | -               
890  | 13,00        | -               
891  | 20,00        | -               
892  | 5,00         | -               
893  | 19,00        | -               
894  | 12,00        | -               
895  | 7,00         | -               
896  | 14,00        | -               
897  | 15,00        | -               
898  | 12,00        | -               
899  | 20,00        | -               
900  | 17,00        | -               
901  | 13,00        | -               
902  | 7,00         | -               
903  | 12,00        | -               
904  | 15,00        | -               
905  | 9,00         | -               
906  | 14,00        | -               
907  | 18,00        | -               
908  | 18,00        | -               
909  | 5,00         | -               
910  | 6,00         | -               
911  | 13,00        | -               
912  | 16,00        | -               
913  | 5,00         | -               
914  | 13,00        | -               
915  | 5,00         | -               
916  | 20,00        | -               
917  | 18,00        | -               
918  | 16,00        | -               
919  | 9,00         | -               
920  | 16,00        | -               
921  | 17,00        | -               
922  | 16,00        | -               
923  | 15,00        | -               
924  | 18,00        | -               
925  | 18,00        | -               
926  | 14,00        | -               
927  | 13,00        | -               
928  | 5,00         | -               
929  | 8,00         | -               
930  | 16,00        | -               
931  | 11,00        | -               
932  | 13,00        | -               
933  | 19,00        | -               
934  | 20,00        | -               
935  | 12,00        | -               
936  | 8,00         | -               
937  | 19,00        | -               
938  | 13,00        | -               
939  | 20,00        | -               
940  | 14,00        | -               
941  | 5,00         | -               
942  | 17,00        | -               
943  | 10,00        | -               
944  | 17,00        | -               
945  | 11,00        | -               
946  | 15,00        | -               
947  | 18,00        | -               
948  | 11,00        | -               
949  | 9,00         | -               
950  | 11,00        | -               
951  | 8,00         | -               
952  | 5,00         | -               
953  | 17,00        | -               
954  | 7,00         | -               
955  | 5,00         | -               
956  | 16,00        | -               
957  | 11,00        | -               
958  | 9,00         | -               
959  | 12,00        | -               
960  | 6,00         | -               
961  | 13,00        | -               
962  | 10,00        | -               
963  | 13,00        | -               
964  | 20,00        | -               
965  | 20,00        | -               
966  | 12,00        | -               
967  | 5,00         | -               
968  | 13,00        | -               
969  | 5,00         | -               
970  | 6,00         | -               
971  | 19,00        | -               
972  | 14,00        | -               
973  | 10,00        | -               
974  | 11,00        | -               
975  | 15,00        | -               
976  | 11,00        | -               
977  | 14,00        | -               
978  | 15,00        | -               
979  | 13,00        | -               
980  | 19,00        | -               
981  | 15,00        | -               
982  | 13,00        | -               
983  | 6,00         | -               
984  | 9,00         | -               
985  | 9,00         | -               
986  | 11,00        | -               
987  | 19,00        | -               
988  | 12,00        | -               
989  | 7,00         | -               
990  | 19,00        | -               
991  | 8,00         | -               
992  | 9,00         | -               
993  | 7,00         | -               
994  | 10,00        | -               
995  | 7,00         | -               
996  | 7,00         | -               
997  | 5,00         | -               
998  | 12,00        | -               
999  | 20,00        | -               
1000 | 7,00         | -               
1001 | 18,00        | -               
1002 | 14,00        | -               
1003 | 7,00         | -               
1004 | 8,00         | -               
1005 | 20,00        | -               
1006 | 11,00        | -               
1007 | 10,00        | -               
1008 | 19,00        | -               
1009 | 12,00        | -               
1010 | 10,00        | -               
1011 | 11,00        | -               
